1 217
1 210
1 213
1 252
1 200
1 193
1 44
1 238
1 201
1 36
1 116
1 51
1 192
1 27
1 70
1 75
1 90
1 97
1 134
1 161
1 188
1 231
1 239
1 255
1 269
1 296
1 304
1 325
1 334
1 338
1 373
1 395
1 397
2 241
2 14
2 232
2 40
2 189
2 253
2 45
2 211
2 143
2 168
2 212
2 206
2 67
2 81
2 122
2 130
2 135
2 147
2 248
2 256
2 275
2 300
2 330
2 347
2 358
2 376
3 224
3 177
3 122
3 176
3 183
3 78
3 249
3 41
3 64
3 93
3 132
3 279
3 291
3 319
3 321
3 327
3 337
3 348
3 351
3 386
4 231
4 12
4 24
4 76
4 129
4 145
4 150
4 214
4 251
4 270
4 271
4 302
4 305
4 328
4 395
4 398
5 149
5 268
5 256
5 176
5 111
5 106
5 10
5 33
5 37
5 180
5 252
5 276
5 313
5 322
5 340
5 363
5 366
5 367
5 383
5 384
5 390
5 393
6 85
6 230
6 126
6 276
6 133
6 29
6 159
6 224
6 45
6 249
6 94
6 86
6 219
6 306
6 326
6 341
6 342
6 366
7 25
7 110
7 39
7 83
7 186
7 220
7 10
7 126
7 130
7 92
7 145
7 60
7 160
7 20
7 117
7 120
7 142
7 146
7 153
7 167
7 247
7 295
7 328
7 341
7 350
7 372
8 22
8 41
8 54
8 102
8 112
8 182
8 315
8 337
8 338
8 339
8 360
8 387
8 389
9 244
9 65
9 140
9 133
9 191
9 131
9 85
9 57
9 13
9 229
9 296
9 82
9 30
9 47
9 107
9 130
9 143
9 206
9 220
9 239
9 320
9 323
9 333
9 354
9 362
9 371
9 379
9 383
10 44
10 181
10 5
10 128
10 7
10 82
10 117
10 213
10 215
10 225
10 240
10 329
10 375
10 385
11 216
11 286
11 35
11 253
11 46
11 97
11 201
11 190
11 77
11 250
11 64
11 66
11 98
11 112
11 152
11 179
11 230
11 232
11 278
11 281
11 306
11 343
11 355
11 380
12 250
12 178
12 251
12 256
12 56
12 4
12 293
12 160
12 116
12 97
12 22
12 43
12 48
12 53
12 73
12 82
12 124
12 127
12 142
12 208
12 266
12 333
12 335
12 360
12 373
12 385
12 389
13 96
13 254
13 91
13 144
13 141
13 162
13 242
13 179
13 78
13 9
13 44
13 46
13 51
13 208
13 221
13 266
13 302
13 381
13 383
13 394
14 132
14 2
14 41
14 72
14 75
14 99
14 161
14 277
14 290
14 298
14 329
14 355
14 357
14 377
14 383
14 384
15 96
15 290
15 287
15 276
15 224
15 113
15 188
15 285
15 56
15 89
15 90
15 91
15 203
15 229
15 265
15 271
15 275
15 337
15 341
15 370
16 232
16 286
16 147
16 264
16 72
16 197
16 53
16 293
16 216
16 17
16 34
16 127
16 193
16 217
16 229
16 252
16 271
16 331
16 341
16 349
16 363
17 47
17 52
17 23
17 48
17 253
17 16
17 76
17 92
17 132
17 122
17 61
17 87
17 135
17 181
17 240
17 281
17 301
17 317
17 322
17 357
17 365
17 389
18 253
18 191
18 135
18 169
18 146
18 47
18 94
18 179
18 213
18 222
18 266
18 325
18 330
18 391
19 272
19 257
19 277
19 26
19 94
19 256
19 206
19 130
19 75
19 232
19 171
19 118
19 146
19 227
19 22
19 35
19 39
19 69
19 153
19 173
19 207
19 242
19 301
19 334
19 365
19 366
20 126
20 285
20 218
20 164
20 44
20 96
20 7
20 87
20 113
20 33
20 50
20 104
20 111
20 157
20 267
20 280
20 316
20 372
20 381
20 386
21 43
21 221
21 59
21 294
21 293
21 147
21 137
21 227
21 54
21 213
21 207
21 30
21 71
21 91
21 131
21 190
21 224
21 307
21 331
21 339
21 383
22 30
22 288
22 107
22 180
22 44
22 172
22 19
22 219
22 26
22 168
22 178
22 148
22 145
22 12
22 8
22 33
22 49
22 55
22 109
22 123
22 163
22 196
22 201
22 247
22 261
22 290
22 291
22 300
22 338
22 341
22 352
22 365
22 375
22 392
23 221
23 99
23 17
23 24
23 29
23 46
23 93
23 102
23 256
23 311
23 320
23 354
23 362
24 265
24 4
24 242
24 202
24 300
24 23
24 98
24 25
24 50
24 68
24 106
24 123
24 140
24 217
24 219
24 251
24 321
24 345
24 370
24 393
25 166
25 116
25 161
25 27
25 255
25 7
25 24
25 90
25 103
25 129
25 143
25 201
25 240
25 275
25 283
25 326
25 329
25 348
25 375
26 110
26 38
26 262
26 139
26 92
26 209
26 213
26 19
26 22
26 67
26 76
26 95
26 144
26 181
26 190
26 226
26 266
26 271
26 298
26 342
26 381
27 211
27 284
27 161
27 86
27 1
27 25
27 60
27 62
27 85
27 96
27 107
27 122
27 140
27 220
27 328
27 329
27 334
27 368
27 371
28 140
28 257
28 235
28 245
28 101
28 152
28 293
28 168
28 41
28 48
28 65
28 34
28 61
28 76
28 94
28 150
28 169
28 172
28 185
28 190
28 208
28 267
28 290
28 319
28 382
29 269
29 264
29 55
29 171
29 199
29 141
29 37
29 39
29 275
29 23
29 156
29 187
29 6
29 35
29 151
29 155
29 272
29 276
29 306
29 315
29 317
29 318
29 321
29 390
30 230
30 131
30 141
30 273
30 190
30 21
30 70
30 87
30 31
30 9
30 155
30 22
30 50
30 94
30 139
30 187
30 216
30 225
30 272
30 319
30 334
30 365
30 374
31 169
31 62
31 99
31 244
31 124
31 160
31 30
31 75
31 97
31 105
31 218
31 225
31 240
31 247
31 272
31 313
31 317
31 324
31 342
31 348
31 351
31 359
31 363
31 371
31 383
32 116
32 48
32 67
32 285
32 57
32 111
32 215
32 79
32 102
32 219
32 269
32 305
32 345
32 380
33 161
33 69
33 5
33 266
33 22
33 134
33 20
33 104
33 124
33 295
33 209
33 63
33 78
33 147
33 212
33 220
33 228
33 311
33 319
33 325
33 327
33 348
33 358
33 383
33 386
34 97
34 219
34 143
34 197
34 100
34 263
34 160
34 108
34 28
34 293
34 64
34 200
34 102
34 149
34 201
34 16
34 171
34 36
34 39
34 86
34 322
34 330
34 337
34 364
34 381
35 76
35 173
35 85
35 164
35 167
35 19
35 29
35 11
35 62
35 90
35 154
35 190
35 197
35 204
35 293
35 305
35 307
35 322
35 323
35 355
35 359
36 67
36 224
36 45
36 287
36 64
36 226
36 221
36 34
36 144
36 115
36 1
36 251
36 324
36 378
36 380
36 385
36 395
37 5
37 182
37 241
37 189
37 140
37 287
37 290
37 107
37 132
37 254
37 270
37 83
37 65
37 161
37 209
37 29
37 123
37 153
37 179
37 186
37 203
37 255
37 266
37 274
37 275
37 276
37 282
37 289
37 316
37 319
37 320
37 327
37 353
38 171
38 196
38 128
38 134
38 59
38 26
38 149
38 182
38 208
38 220
38 291
38 307
38 308
38 325
38 335
38 381
38 386
39 19
39 201
39 294
39 71
39 34
39 173
39 7
39 29
39 133
39 179
39 233
39 258
39 259
39 278
39 287
39 303
39 311
39 318
39 320
39 337
39 338
39 347
39 352
39 357
39 377
39 379
39 390
39 397
40 103
40 240
40 290
40 41
40 91
40 235
40 2
40 58
40 59
40 62
40 88
40 304
40 318
40 369
40 371
41 14
41 274
41 3
41 231
41 142
41 135
41 153
41 116
41 235
41 74
41 8
41 28
41 40
41 131
41 148
41 248
41 269
41 292
41 293
41 323
41 339
41 342
41 360
41 369
41 372
41 373
41 394
42 106
42 163
42 79
42 130
42 145
42 95
42 237
42 266
42 296
42 82
42 147
42 63
42 77
42 97
42 141
42 162
42 300
42 301
42 330
42 359
42 360
42 366
42 378
43 217
43 68
43 112
43 49
43 175
43 178
43 145
43 109
43 12
43 296
43 140
43 21
43 46
43 64
43 210
43 267
43 282
43 333
43 338
43 349
43 374
43 375
43 376
44 140
44 130
44 13
44 115
44 294
44 1
44 10
44 20
44 22
44 48
44 201
44 223
44 278
44 304
44 323
44 344
44 353
44 371
44 376
45 216
45 64
45 2
45 6
45 36
45 65
45 75
45 114
45 122
45 139
45 170
45 186
45 189
45 279
45 287
45 303
45 305
45 323
45 326
45 341
45 342
45 349
46 272
46 51
46 193
46 171
46 87
46 23
46 197
46 59
46 130
46 211
46 179
46 75
46 172
46 13
46 201
46 70
46 195
46 119
46 135
46 43
46 11
46 53
46 83
46 125
46 163
46 200
46 306
46 307
46 319
46 320
46 322
46 334
46 340
46 350
46 392
47 204
47 122
47 109
47 140
47 104
47 292
47 218
47 281
47 139
47 299
47 208
47 9
47 264
47 18
47 17
47 68
47 81
47 85
47 93
47 172
47 203
47 223
47 244
47 251
47 291
47 301
47 322
47 324
47 328
47 363
47 368
48 53
48 174
48 234
48 124
48 146
48 240
48 128
48 12
48 228
48 76
48 116
48 44
48 220
48 17
48 28
48 32
48 56
48 57
48 60
48 182
48 186
48 200
48 307
48 314
48 316
48 350
48 352
48 359
49 168
49 163
49 96
49 161
49 149
49 22
49 43
49 79
49 85
49 87
49 120
49 123
49 158
49 159
49 211
49 257
49 273
49 305
49 321
49 325
49 334
49 345
49 361
49 366
49 376
49 383
49 395
50 196
50 220
50 92
50 24
50 20
50 272
50 278
50 284
50 129
50 30
50 96
50 200
50 277
50 55
50 56
50 63
50 91
50 114
50 162
50 186
50 191
50 245
50 301
50 320
50 345
50 347
50 374
51 141
51 73
51 167
51 170
51 174
51 215
51 179
51 261
51 13
51 299
51 222
51 147
51 112
51 253
51 72
51 290
51 75
51 1
51 46
51 81
51 126
51 161
51 175
51 218
51 223
51 232
51 250
51 264
51 300
51 309
51 338
51 358
51 369
51 374
51 384
52 53
52 258
52 111
52 123
52 102
52 17
52 72
52 93
52 96
52 112
52 121
52 122
52 153
52 225
52 264
52 284
52 333
52 336
52 383
53 91
53 271
53 216
53 12
53 127
53 163
53 172
53 74
53 101
53 290
53 87
53 46
53 83
53 143
53 16
53 48
53 52
53 80
53 162
53 185
53 213
53 229
53 324
53 366
53 384
54 231
54 218
54 259
54 265
54 240
54 8
54 271
54 21
54 67
54 93
54 129
54 170
54 180
54 315
54 326
54 349
54 379
55 291
55 22
55 111
55 145
55 267
55 50
55 29
55 119
55 176
55 206
55 227
55 271
55 304
55 350
55 379
55 384
56 167
56 119
56 198
56 90
56 224
56 61
56 48
56 50
56 122
56 12
56 15
56 152
56 245
56 257
56 278
56 309
56 329
56 345
56 356
56 362
56 364
56 397
57 115
57 274
57 273
57 48
57 260
57 101
57 65
57 180
57 9
57 32
57 64
57 108
57 130
57 139
57 327
57 341
57 374
57 376
57 377
58 71
58 232
58 276
58 40
58 72
58 111
58 130
58 149
58 154
58 163
58 241
58 279
58 295
58 306
58 322
58 337
58 372
58 374
58 376
58 377
58 393
59 126
59 112
59 215
59 40
59 183
59 75
59 201
59 122
59 72
59 21
59 38
59 46
59 105
59 119
59 123
59 211
59 212
59 237
59 255
59 257
59 324
59 351
59 365
59 377
60 63
60 225
60 277
60 157
60 77
60 113
60 96
60 230
60 235
60 48
60 246
60 209
60 210
60 190
60 163
60 180
60 27
60 107
60 7
60 69
60 86
60 87
60 98
60 112
60 177
60 213
60 218
60 222
60 232
60 240
60 252
60 269
60 274
60 337
60 385
61 70
61 251
61 17
61 276
61 277
61 81
61 28
61 137
61 290
61 56
61 68
61 102
61 189
61 192
61 239
61 281
61 328
61 345
61 369
61 388
62 35
62 40
62 257
62 280
62 279
62 27
62 219
62 229
62 189
62 141
62 31
62 72
62 83
62 87
62 96
62 105
62 110
62 112
62 129
62 140
62 143
62 262
62 265
62 270
62 320
62 332
62 336
62 360
62 378
62 385
63 133
63 260
63 107
63 33
63 50
63 42
63 206
63 92
63 60
63 149
63 176
63 187
63 249
63 281
63 283
63 293
63 330
63 350
63 391
63 393
63 397
64 277
64 120
64 236
64 3
64 195
64 226
64 166
64 281
64 153
64 208
64 230
64 251
64 57
64 244
64 43
64 11
64 34
64 36
64 45
64 81
64 151
64 186
64 218
64 262
64 284
64 352
64 363
64 380
65 87
65 45
65 184
65 265
65 138
65 172
65 270
65 109
65 9
65 28
65 37
65 57
65 68
65 116
65 117
65 146
65 158
65 164
65 222
65 253
65 323
65 326
65 332
65 338
65 372
66 150
66 116
66 232
66 242
66 11
66 252
66 91
66 71
66 154
66 225
66 160
66 176
66 193
66 207
66 246
66 247
66 298
66 305
66 309
66 312
66 328
66 330
66 357
66 370
67 90
67 2
67 114
67 258
67 100
67 26
67 237
67 176
67 230
67 266
67 197
67 54
67 145
67 235
67 32
67 36
67 85
67 110
67 118
67 125
67 163
67 182
67 225
67 290
67 306
67 312
67 314
67 317
67 337
67 345
67 354
67 369
67 375
67 381
68 236
68 209
68 24
68 47
68 65
68 232
68 61
68 218
68 43
68 87
68 96
68 156
68 168
68 193
68 257
68 298
68 315
68 356
68 366
69 127
69 19
69 192
69 112
69 176
69 141
69 134
69 279
69 185
69 60
69 149
69 33
69 103
69 151
69 186
69 215
69 220
69 247
69 285
69 306
69 309
69 324
69 372
69 375
69 396
70 163
70 151
70 115
70 172
70 292
70 106
70 101
70 221
70 149
70 139
70 207
70 1
70 264
70 30
70 46
70 61
70 108
70 174
70 303
70 320
70 335
70 343
71 84
71 21
71 280
71 222
71 93
71 217
71 191
71 77
71 185
71 181
71 39
71 58
71 66
71 95
71 128
71 139
71 197
71 247
71 262
71 293
71 330
71 339
71 340
71 342
71 362
72 14
72 280
72 125
72 79
72 62
72 78
72 111
72 52
72 253
72 16
72 51
72 58
72 59
72 210
72 224
72 287
72 319
72 336
72 360
72 369
72 392
73 210
73 77
73 163
73 76
73 283
73 256
73 266
73 12
73 167
73 51
73 98
73 101
73 117
73 122
73 135
73 216
73 218
73 268
73 303
73 318
73 340
73 384
73 392
74 171
74 285
74 259
74 289
74 230
74 240
74 202
74 198
74 139
74 41
74 53
74 79
74 122
74 125
74 128
74 154
74 164
74 253
74 255
74 261
74 278
74 287
74 295
74 300
74 302
74 313
74 349
74 362
74 388
75 45
75 1
75 100
75 31
75 257
75 269
75 283
75 14
75 19
75 46
75 51
75 59
75 187
75 203
75 208
75 321
75 335
75 385
76 295
76 200
76 218
76 26
76 153
76 28
76 106
76 4
76 17
76 35
76 48
76 73
76 96
76 109
76 132
76 236
76 241
76 281
76 316
76 331
76 335
76 336
76 356
77 244
77 42
77 295
77 188
77 93
77 213
77 272
77 11
77 60
77 71
77 73
77 81
77 122
77 172
77 209
77 265
77 309
77 321
77 381
78 164
78 179
78 171
78 174
78 155
78 172
78 33
78 217
78 105
78 228
78 287
78 112
78 3
78 13
78 72
78 89
78 102
78 160
78 166
78 168
78 216
78 226
78 274
78 279
78 317
78 333
78 350
78 382
79 130
79 256
79 222
79 224
79 32
79 177
79 147
79 49
79 74
79 143
79 290
79 42
79 72
79 101
79 110
79 123
79 128
79 133
79 151
79 157
79 182
79 242
79 262
79 287
79 319
79 321
79 327
80 53
80 208
80 85
80 121
80 127
80 238
80 300
80 320
80 323
80 343
80 361
80 371
81 2
81 288
81 292
81 96
81 64
81 77
81 142
81 121
81 177
81 198
81 47
81 51
81 61
81 91
81 128
81 179
81 197
81 218
81 228
81 231
81 255
81 267
81 269
81 316
81 364
81 390
82 290
82 88
82 12
82 249
82 10
82 198
82 9
82 42
82 122
82 153
82 175
82 194
82 195
82 310
82 344
82 345
83 155
83 88
83 268
83 187
83 227
83 62
83 46
83 7
83 37
83 53
83 139
83 171
83 190
83 201
83 247
83 301
83 318
83 322
83 330
83 340
83 372
84 233
84 290
84 94
84 289
84 252
84 254
84 284
84 71
84 122
84 127
84 135
84 149
84 150
84 161
84 240
84 264
84 274
84 315
84 321
84 327
84 331
84 355
84 384
85 27
85 270
85 275
85 67
85 223
85 132
85 273
85 200
85 256
85 283
85 184
85 47
85 49
85 6
85 9
85 35
85 80
85 94
85 96
85 104
85 110
85 123
85 169
85 174
85 280
85 297
85 298
85 299
85 310
85 351
85 368
86 139
86 60
86 98
86 6
86 186
86 111
86 243
86 34
86 206
86 27
86 151
86 211
86 215
86 251
86 301
86 313
86 314
86 328
86 340
86 349
86 354
86 366
86 368
87 115
87 60
87 68
87 218
87 49
87 237
87 17
87 221
87 88
87 250
87 62
87 149
87 20
87 30
87 46
87 53
87 65
87 110
87 210
87 282
87 290
87 317
87 329
87 352
87 388
87 397
88 279
88 232
88 40
88 82
88 83
88 87
88 200
88 201
88 213
88 292
88 302
88 303
88 308
88 321
88 332
89 171
89 15
89 165
89 106
89 193
89 227
89 272
89 245
89 291
89 132
89 78
89 142
89 182
89 222
89 247
89 280
89 337
89 363
89 373
89 384
90 228
90 208
90 25
90 35
90 261
90 209
90 185
90 287
90 1
90 152
90 15
90 56
90 67
90 96
90 101
90 139
90 144
90 159
90 187
90 222
90 271
90 278
90 292
90 308
90 347
90 389
91 205
91 298
91 50
91 15
91 262
91 21
91 182
91 218
91 81
91 181
91 13
91 40
91 53
91 66
91 119
91 121
91 144
91 193
91 201
91 204
91 219
91 258
91 265
91 302
91 312
91 322
91 363
91 364
91 379
91 395
92 242
92 284
92 236
92 299
92 277
92 7
92 17
92 26
92 50
92 63
92 102
92 136
92 156
92 216
92 263
92 348
92 364
92 376
93 124
93 236
93 120
93 223
93 220
93 195
93 285
93 23
93 278
93 54
93 95
93 52
93 164
93 194
93 47
93 286
93 217
93 3
93 151
93 112
93 71
93 77
93 105
93 192
93 301
93 324
93 348
93 367
93 379
94 158
94 30
94 171
94 244
94 95
94 176
94 85
94 18
94 28
94 116
94 218
94 178
94 6
94 19
94 84
94 108
94 110
94 170
94 266
94 288
94 321
94 327
94 329
94 331
94 343
94 358
94 386
94 389
95 71
95 284
95 262
95 26
95 209
95 147
95 151
95 42
95 93
95 94
95 168
95 171
95 245
95 270
95 291
95 311
95 357
95 385
95 391
95 393
95 395
96 256
96 123
96 125
96 207
96 62
96 76
96 251
96 68
96 85
96 52
96 90
96 27
96 13
96 15
96 20
96 49
96 50
96 60
96 81
96 102
96 106
96 130
96 169
96 267
96 307
96 311
96 313
96 319
96 336
96 342
96 349
96 368
97 174
97 131
97 31
97 122
97 160
97 1
97 42
97 156
97 206
97 252
97 144
97 167
97 11
97 12
97 34
97 126
97 155
97 186
97 197
97 228
97 295
97 300
97 307
97 322
97 330
97 332
97 346
97 351
97 374
97 376
98 174
98 151
98 11
98 132
98 73
98 60
98 235
98 24
98 86
98 105
98 118
98 161
98 306
98 308
98 350
99 281
99 153
99 14
99 211
99 245
99 112
99 292
99 23
99 31
99 119
99 127
99 139
99 161
99 215
99 223
99 273
99 301
99 304
99 310
99 313
99 326
99 351
99 398
100 299
100 204
100 244
100 126
100 110
100 108
100 251
100 166
100 34
100 67
100 75
100 127
100 162
100 178
100 199
100 212
100 226
100 232
100 240
100 287
100 316
100 322
100 341
100 348
100 377
100 380
100 383
100 386
100 391
101 161
101 296
101 73
101 122
101 197
101 90
101 207
101 105
101 79
101 182
101 28
101 53
101 57
101 70
101 160
101 180
101 252
101 269
101 294
101 303
101 331
101 332
101 333
101 344
101 390
102 23
102 254
102 8
102 193
102 206
102 32
102 176
102 202
102 96
102 78
102 291
102 61
102 92
102 34
102 52
102 178
102 204
102 264
102 269
102 281
102 317
102 325
102 327
102 331
102 332
102 342
102 362
102 382
102 391
103 149
103 25
103 218
103 235
103 250
103 69
103 40
103 154
103 285
103 311
103 359
103 363
103 397
104 85
104 256
104 211
104 298
104 199
104 20
104 33
104 47
104 126
104 130
104 189
104 261
104 320
104 332
104 380
105 62
105 219
105 59
105 151
105 187
105 98
105 152
105 31
105 93
105 78
105 101
105 121
105 123
105 248
105 261
105 295
105 335
105 367
105 394
106 187
106 215
106 96
106 24
106 5
106 42
106 70
106 76
106 89
106 154
106 196
106 214
106 278
106 305
106 327
106 341
106 342
106 354
106 363
106 382
107 213
107 147
107 270
107 186
107 231
107 138
107 279
107 255
107 27
107 9
107 22
107 37
107 60
107 63
107 161
107 246
107 315
107 319
107 332
107 346
107 378
107 386
107 387
107 392
108 297
108 276
108 94
108 57
108 168
108 256
108 232
108 124
108 70
108 206
108 175
108 34
108 100
108 120
108 182
108 197
108 268
108 280
108 300
108 306
108 310
108 311
108 338
108 345
108 353
109 224
109 76
109 241
109 146
109 252
109 215
109 277
109 22
109 213
109 167
109 271
109 43
109 47
109 65
109 190
109 200
109 208
109 295
109 308
109 312
109 335
109 344
109 345
109 358
109 374
109 390
110 94
110 274
110 197
110 67
110 85
110 87
110 145
110 118
110 79
110 62
110 113
110 7
110 26
110 100
110 172
110 173
110 176
110 187
110 226
110 256
110 260
110 272
110 293
110 317
110 332
110 343
110 374
111 249
111 259
111 20
111 58
111 220
111 218
111 5
111 32
111 52
111 55
111 72
111 86
111 152
111 207
111 238
111 260
111 262
111 332
111 364
111 365
111 393
112 8
112 60
112 251
112 163
112 11
112 209
112 131
112 228
112 237
112 52
112 243
112 62
112 293
112 272
112 43
112 51
112 59
112 69
112 78
112 93
112 99
112 120
112 127
112 201
112 310
112 313
112 320
112 331
112 349
112 352
112 358
112 372
113 202
113 165
113 15
113 20
113 60
113 110
113 135
113 155
113 232
113 241
113 251
113 328
113 369
113 373
113 387
113 393
114 120
114 270
114 127
114 50
114 45
114 67
114 119
114 121
114 156
114 219
114 259
114 264
114 305
114 332
114 339
114 348
114 350
114 359
114 364
115 149
115 210
115 36
115 44
115 57
115 70
115 87
115 187
115 262
115 301
115 304
115 305
115 356
115 370
116 229
116 130
116 191
116 164
116 232
116 298
116 231
116 245
116 65
116 1
116 12
116 25
116 32
116 41
116 48
116 66
116 94
116 124
116 224
116 310
116 313
116 335
116 346
116 350
116 357
116 370
116 372
116 396
117 7
117 221
117 285
117 280
117 136
117 73
117 10
117 202
117 246
117 65
117 170
117 125
117 331
118 191
118 294
118 148
118 135
118 196
118 231
118 67
118 217
118 272
118 179
118 98
118 210
118 19
118 110
118 140
118 225
118 309
118 332
118 333
118 340
118 360
118 373
118 387
118 397
119 190
119 59
119 272
119 198
119 123
119 144
119 154
119 55
119 114
119 99
119 224
119 221
119 91
119 46
119 56
119 239
119 318
119 338
119 353
119 363
119 380
120 188
120 7
120 108
120 141
120 112
120 49
120 64
120 93
120 114
120 149
120 200
120 218
120 272
120 338
120 342
120 354
120 359
120 379
120 382
120 388
121 159
121 280
121 114
121 180
121 149
121 207
121 123
121 241
121 181
121 105
121 80
121 294
121 189
121 212
121 150
121 91
121 52
121 81
121 125
121 163
121 191
121 203
121 227
121 295
121 307
121 309
121 312
121 329
121 367
121 378
121 392
122 181
122 207
122 77
122 2
122 140
122 52
122 149
122 151
122 264
122 203
122 73
122 215
122 233
122 27
122 84
122 205
122 169
122 74
122 45
122 82
122 3
122 17
122 47
122 56
122 59
122 97
122 101
122 224
122 265
122 313
122 319
122 339
122 368
122 398
123 187
123 166
123 239
123 79
123 59
123 85
123 37
123 22
123 136
123 105
123 243
123 151
123 143
123 24
123 49
123 52
123 96
123 119
123 121
123 144
123 154
123 192
123 230
123 231
123 241
123 278
123 298
123 303
123 312
123 358
123 365
123 376
123 380
123 394
123 398
124 116
124 205
124 12
124 221
124 250
124 154
124 140
124 259
124 127
124 272
124 31
124 33
124 48
124 93
124 108
124 173
124 181
124 227
124 245
124 262
124 291
124 299
124 305
124 308
124 316
124 319
124 337
124 375
124 378
124 394
125 255
125 117
125 67
125 74
125 187
125 46
125 121
125 139
125 175
125 256
125 126
125 72
125 96
125 148
125 196
125 207
125 210
125 316
125 343
125 363
125 371
125 392
125 393
125 395
126 97
126 104
126 51
126 266
126 274
126 163
126 231
126 6
126 7
126 20
126 59
126 100
126 125
126 134
126 227
126 235
126 279
126 300
126 304
126 314
126 320
126 334
126 384
126 391
127 237
127 100
127 164
127 241
127 80
127 183
127 84
127 217
127 202
127 16
127 99
127 112
127 139
127 210
127 269
127 235
127 12
127 149
127 263
127 53
127 69
127 114
127 124
127 138
127 141
127 145
127 174
127 195
127 196
127 218
127 245
127 262
127 290
127 317
127 367
127 383
128 189
128 240
128 79
128 154
128 71
128 74
128 130
128 81
128 290
128 188
128 149
128 10
128 38
128 48
128 138
128 166
128 208
128 219
128 277
128 305
128 376
128 384
129 25
129 62
129 195
129 54
129 158
129 173
129 176
129 4
129 179
129 50
129 205
129 211
129 343
129 356
129 395
130 146
130 104
130 264
130 58
130 143
130 137
130 2
130 9
130 96
130 57
130 7
130 19
130 42
130 44
130 46
130 79
130 116
130 128
130 172
130 189
130 212
130 223
130 228
130 317
130 320
130 334
130 350
130 358
130 361
130 390
131 207
131 159
131 286
131 269
131 41
131 219
131 21
131 9
131 30
131 97
131 112
131 170
131 199
131 222
131 259
131 268
131 281
131 308
131 317
131 320
131 321
131 347
131 348
132 3
132 138
132 209
132 76
132 148
132 168
132 281
132 14
132 17
132 37
132 85
132 89
132 98
132 169
132 214
132 303
132 308
132 345
132 359
132 383
133 79
133 279
133 152
133 39
133 162
133 278
133 257
133 6
133 9
133 63
133 192
133 201
133 203
133 208
133 220
133 247
133 274
133 299
133 302
133 303
133 336
133 341
133 362
133 365
133 374
133 396
134 178
134 1
134 126
134 148
134 294
134 292
134 180
134 33
134 38
134 69
134 170
134 252
134 268
134 289
134 300
134 302
134 306
134 310
134 316
134 355
134 360
134 364
134 370
134 372
134 374
134 379
135 169
135 84
135 229
135 232
135 2
135 275
135 237
135 73
135 113
135 186
135 284
135 17
135 249
135 18
135 41
135 46
135 118
135 167
135 223
135 244
135 251
135 262
135 292
135 317
135 318
135 329
135 330
135 365
135 367
135 376
135 386
135 397
136 92
136 233
136 270
136 117
136 123
136 188
136 207
136 228
136 267
136 291
136 308
136 333
136 388
136 390
136 391
136 392
137 179
137 145
137 196
137 142
137 283
137 217
137 177
137 186
137 263
137 21
137 61
137 130
137 174
137 269
137 300
137 341
137 343
137 377
138 142
138 154
138 127
138 192
138 213
138 128
138 65
138 107
138 132
138 162
138 203
138 208
138 224
138 244
138 261
138 300
138 334
138 381
138 389
138 393
139 99
139 45
139 30
139 57
139 71
139 293
139 198
139 90
139 83
139 26
139 47
139 70
139 74
139 86
139 125
139 127
139 182
139 322
139 339
139 366
139 395
140 27
140 284
140 143
140 118
140 24
140 203
140 253
140 62
140 297
140 9
140 28
140 37
140 43
140 44
140 47
140 122
140 124
140 166
140 197
140 236
140 247
140 262
140 312
140 333
140 364
140 365
140 390
140 398
141 271
141 179
141 42
141 294
141 127
141 13
141 29
141 30
141 51
141 62
141 69
141 120
141 152
141 159
141 170
141 173
141 194
141 205
141 218
141 258
141 268
141 303
141 304
141 316
141 320
141 371
141 379
141 386
141 395
142 232
142 12
142 270
142 89
142 7
142 41
142 81
142 137
142 138
142 154
142 155
142 244
142 283
142 300
142 303
142 312
142 345
142 346
142 349
142 366
142 367
142 387
143 240
143 198
143 9
143 200
143 62
143 212
143 282
143 210
143 245
143 25
143 2
143 34
143 53
143 79
143 123
143 130
143 140
143 163
143 176
143 202
143 218
143 236
143 263
143 302
143 308
143 346
143 349
143 357
143 394
144 176
144 192
144 91
144 26
144 90
144 123
144 246
144 13
144 36
144 97
144 119
144 200
144 244
144 295
144 309
144 327
144 335
144 355
144 369
145 221
145 224
145 183
145 4
145 293
145 127
145 220
145 204
145 287
145 269
145 202
145 7
145 22
145 42
145 43
145 55
145 67
145 110
145 137
145 205
145 219
145 228
145 230
145 291
145 323
145 366
145 370
145 382
146 167
146 170
146 7
146 241
146 65
146 18
146 19
146 48
146 109
146 130
146 163
146 230
146 235
146 251
146 309
146 322
146 335
146 350
146 354
146 367
146 383
147 157
147 265
147 292
147 33
147 223
147 2
147 16
147 21
147 42
147 51
147 79
147 95
147 107
147 153
147 162
147 204
147 270
147 290
147 300
147 304
147 314
147 390
148 245
148 217
148 257
148 159
148 279
148 41
148 125
148 273
148 22
148 118
148 132
148 134
148 164
148 182
148 240
148 253
148 302
148 332
148 364
148 392
149 297
149 120
149 170
149 84
149 201
149 63
149 199
149 279
149 38
149 58
149 298
149 5
149 34
149 49
149 69
149 70
149 87
149 103
149 115
149 121
149 122
149 127
149 128
149 190
149 256
149 273
149 276
149 319
149 331
149 349
149 355
149 382
150 4
150 239
150 286
150 156
150 186
150 84
150 289
150 28
150 267
150 66
150 121
150 184
150 201
150 232
150 244
150 255
150 306
150 311
150 330
150 335
150 342
150 354
150 363
150 364
150 383
150 397
151 64
151 29
151 229
151 79
151 86
151 187
151 154
151 199
151 69
151 70
151 93
151 95
151 98
151 105
151 122
151 123
151 152
151 200
151 207
151 208
151 214
151 255
151 309
151 325
151 330
151 343
151 351
151 367
152 259
152 151
152 111
152 141
152 253
152 56
152 215
152 11
152 28
152 90
152 105
152 133
152 167
152 262
152 270
152 311
152 317
152 318
152 326
152 328
152 333
152 376
152 385
153 52
153 195
153 82
153 217
153 199
153 253
153 7
153 19
153 260
153 147
153 37
153 188
153 243
153 277
153 41
153 64
153 76
153 99
153 166
153 219
153 283
153 284
153 298
153 312
153 313
153 315
153 352
153 356
153 379
153 391
154 193
154 285
154 295
154 74
154 123
154 242
154 35
154 58
154 103
154 106
154 142
154 214
154 166
154 66
154 119
154 124
154 128
154 138
154 151
154 281
154 332
154 366
154 367
154 388
155 97
155 289
155 262
155 251
155 189
155 269
155 250
155 113
155 142
155 29
155 30
155 78
155 83
155 193
155 237
155 255
155 268
155 276
155 286
155 300
155 302
155 336
155 347
155 361
155 388
156 297
156 293
156 92
156 68
156 252
156 172
156 114
156 249
156 29
156 97
156 150
156 158
156 323
156 345
157 224
157 20
157 171
157 191
157 208
157 79
157 60
157 147
157 249
157 303
157 305
157 332
157 344
157 372
157 392
158 65
158 49
158 156
158 269
158 273
158 223
158 183
158 187
158 279
158 94
158 129
158 186
158 250
158 277
158 301
158 305
158 318
158 337
158 349
158 390
158 396
158 398
159 286
159 193
159 280
159 49
159 184
159 90
159 212
159 141
159 215
159 227
159 6
159 121
159 131
159 148
159 182
159 188
159 360
159 377
159 391
160 78
160 66
160 199
160 101
160 200
160 7
160 12
160 31
160 34
160 97
160 178
160 180
160 185
160 193
160 257
160 286
160 291
160 296
160 328
160 357
160 362
160 366
160 383
160 384
160 397
161 84
161 14
161 281
161 99
161 107
161 254
161 1
161 51
161 237
161 98
161 25
161 27
161 33
161 37
161 49
161 101
161 195
161 300
161 308
161 325
161 330
161 353
161 356
161 389
162 270
162 42
162 217
162 53
162 253
162 147
162 100
162 269
162 138
162 50
162 174
162 251
162 13
162 133
162 265
162 278
162 344
162 361
162 370
162 397
163 143
163 209
163 225
163 279
163 67
163 58
163 146
163 298
163 46
163 22
163 121
163 42
163 49
163 53
163 60
163 70
163 73
163 112
163 126
163 199
163 229
163 282
163 306
163 310
163 330
163 334
163 336
163 339
163 340
163 361
163 378
163 379
164 281
164 65
164 278
164 74
164 282
164 148
164 20
164 35
164 78
164 93
164 116
164 127
164 194
164 212
164 300
164 305
164 314
164 318
164 341
164 345
164 387
165 235
165 267
165 230
165 89
165 113
165 202
165 269
165 360
165 384
166 78
166 201
166 153
166 292
166 271
166 190
166 140
166 128
166 197
166 25
166 64
166 100
166 123
166 154
166 182
166 205
166 259
166 288
166 317
166 334
166 336
166 342
166 352
166 362
166 366
166 369
166 389
167 135
167 152
167 7
167 207
167 253
167 35
167 51
167 56
167 73
167 97
167 109
167 146
167 193
167 208
167 210
167 218
167 248
167 266
167 295
167 298
167 309
167 331
167 336
167 361
167 396
168 78
168 261
168 264
168 68
168 95
168 2
168 22
168 28
168 49
168 108
168 132
168 180
168 202
168 216
168 263
168 284
168 290
168 294
168 311
168 328
168 332
168 335
168 342
168 373
168 397
169 96
169 250
169 85
169 233
169 28
169 300
169 132
169 289
169 18
169 31
169 122
169 135
169 174
169 186
169 215
169 217
169 229
169 249
169 291
169 301
169 302
169 305
169 351
169 385
170 230
170 134
170 196
170 54
170 45
170 141
170 131
170 94
170 51
170 117
170 146
170 149
170 233
170 237
170 344
170 347
170 384
170 394
171 95
171 83
171 251
171 261
171 256
171 19
171 29
171 34
171 38
171 46
171 74
171 78
171 89
171 94
171 157
171 209
171 278
171 279
171 291
171 295
171 337
171 338
171 384
171 386
171 388
172 28
172 177
172 77
172 268
172 253
172 256
172 110
172 47
172 130
172 22
172 46
172 53
172 65
172 70
172 78
172 156
172 276
172 377
172 380
173 19
173 230
173 195
173 110
173 141
173 124
173 35
173 39
173 129
173 199
173 211
173 220
173 242
173 250
173 324
173 326
173 337
173 353
173 357
173 367
173 376
173 388
174 70
174 180
174 137
174 85
174 295
174 127
174 261
174 227
174 169
174 212
174 277
174 48
174 51
174 78
174 97
174 98
174 162
174 183
174 215
174 280
174 287
174 299
174 302
174 312
174 341
174 344
174 396
175 51
175 82
175 260
175 177
175 277
175 43
175 108
175 125
175 193
175 199
175 203
175 209
175 219
175 300
175 308
175 340
175 360
175 362
175 394
175 398
176 63
176 55
176 262
176 143
176 188
176 214
176 66
176 110
176 204
176 209
176 295
176 3
176 5
176 67
176 69
176 94
176 102
176 129
176 144
176 200
176 236
176 247
176 248
176 285
176 287
176 307
176 337
176 344
176 356
176 379
177 237
177 60
177 3
177 79
177 81
177 137
177 172
177 175
177 181
177 279
177 280
177 314
177 315
177 354
177 355
177 360
177 371
177 396
178 255
178 102
178 100
178 290
178 160
178 12
178 22
178 43
178 94
178 134
178 186
178 220
178 226
178 325
178 331
178 346
178 351
178 387
179 181
179 18
179 240
179 81
179 37
179 39
179 296
179 11
179 199
179 297
179 13
179 46
179 51
179 78
179 118
179 129
179 137
179 141
179 223
179 238
179 252
179 277
179 302
179 304
179 311
179 314
179 338
179 346
179 353
179 373
180 215
180 238
180 54
180 5
180 160
180 168
180 101
180 262
180 208
180 22
180 57
180 60
180 121
180 134
180 174
180 205
180 219
180 267
180 333
180 348
180 350
180 351
180 381
181 17
181 177
181 219
181 124
181 26
181 213
181 265
181 10
181 71
181 91
181 121
181 122
181 179
181 190
181 242
181 300
181 321
181 347
181 348
181 364
181 369
181 377
182 289
182 254
182 8
182 284
182 38
182 203
182 231
182 108
182 166
182 79
182 89
182 148
182 276
182 48
182 67
182 159
182 139
182 280
182 37
182 91
182 101
182 242
182 300
182 334
182 348
182 349
182 369
182 375
183 174
183 225
183 3
183 59
183 127
183 145
183 158
183 199
183 200
183 202
183 286
183 303
183 304
183 362
183 375
183 388
183 398
184 150
184 65
184 85
184 159
184 191
184 206
184 309
184 316
184 340
184 359
184 369
184 370
184 379
185 160
185 53
185 263
185 28
185 240
185 69
185 71
185 90
185 190
185 207
185 279
185 285
185 293
185 299
185 314
185 325
185 343
185 368
185 376
185 382
186 284
186 257
186 64
186 265
186 48
186 158
186 213
186 45
186 69
186 169
186 264
186 50
186 178
186 97
186 37
186 7
186 86
186 107
186 135
186 137
186 150
186 190
186 210
186 218
186 229
186 341
186 349
186 372
186 380
186 389
186 392
187 115
187 110
187 197
187 75
187 266
187 63
187 90
187 214
187 295
187 250
187 287
187 30
187 29
187 83
187 105
187 106
187 123
187 125
187 151
187 158
187 233
187 234
187 282
187 303
187 307
187 308
187 314
187 321
187 329
187 352
187 356
187 373
188 159
188 136
188 286
188 1
188 213
188 253
188 15
188 77
188 120
188 128
188 153
188 176
188 200
188 263
188 293
188 306
188 315
188 316
188 329
188 341
188 348
188 373
189 45
189 266
189 242
189 61
189 199
189 130
189 104
189 2
189 37
189 62
189 121
189 128
189 155
189 233
189 261
189 308
189 312
189 329
189 331
189 340
189 353
189 360
190 35
190 149
190 26
190 227
190 210
190 186
190 28
190 287
190 181
190 83
190 185
190 21
190 109
190 11
190 30
190 60
190 119
190 166
190 266
190 283
190 307
190 309
190 344
190 367
190 382
190 394
191 121
191 50
191 198
191 184
191 9
191 18
191 71
191 116
191 118
191 157
191 216
191 304
191 313
191 317
191 325
191 326
191 327
191 333
191 375
192 209
192 266
192 291
192 93
192 133
192 123
192 254
192 61
192 1
192 69
192 138
192 144
192 236
192 261
192 264
192 279
192 302
192 314
192 333
192 349
192 365
192 366
192 372
192 379
192 397
193 268
193 160
193 68
193 91
193 266
193 175
193 284
193 253
193 155
193 16
193 66
193 223
193 167
193 1
193 46
193 89
193 102
193 154
193 159
193 212
193 240
193 300
193 301
193 311
193 324
193 374
193 390
194 141
194 262
194 164
194 82
194 93
194 219
194 251
194 272
194 293
194 307
194 325
194 335
194 340
194 375
194 386
194 391
195 82
195 127
195 161
195 275
195 46
195 64
195 93
195 129
195 153
195 173
195 285
195 288
195 292
195 316
195 326
195 329
195 343
195 352
195 368
195 371
195 378
196 125
196 22
196 207
196 281
196 106
196 127
196 38
196 50
196 118
196 137
196 170
196 199
196 206
196 212
196 256
196 317
196 338
196 347
196 360
196 369
196 390
197 221
197 81
197 108
197 249
197 234
197 35
197 97
197 203
197 140
197 289
197 71
197 16
197 34
197 46
197 67
197 101
197 110
197 166
197 187
197 237
197 287
197 323
197 335
197 352
197 355
197 376
197 377
197 397
198 207
198 56
198 74
198 81
198 82
198 119
198 139
198 143
198 191
198 209
198 210
198 249
198 252
198 305
198 306
198 323
198 388
199 271
199 163
199 173
199 299
199 269
199 254
199 183
199 131
199 205
199 213
199 288
199 196
199 260
199 220
199 175
199 206
199 100
199 29
199 104
199 149
199 151
199 153
199 160
199 179
199 189
199 210
199 237
199 241
199 256
199 277
199 311
199 317
199 320
199 338
199 347
199 391
200 176
200 281
200 283
200 144
200 227
200 188
200 120
200 48
200 151
200 183
200 109
200 46
200 88
200 272
200 1
200 34
200 50
200 76
200 85
200 143
200 160
200 210
200 223
200 253
200 256
200 269
200 273
200 302
200 336
200 377
200 385
200 389
201 91
201 112
201 150
201 25
201 280
201 133
201 298
201 22
201 88
201 258
201 44
201 251
201 207
201 83
201 1
201 11
201 34
201 39
201 46
201 59
201 149
201 166
201 330
201 392
201 394
201 398
202 259
202 168
202 165
202 218
202 264
202 143
202 183
202 24
202 74
202 102
202 113
202 117
202 127
202 145
202 254
202 280
202 337
202 357
203 47
203 274
203 138
203 37
203 15
203 75
203 121
203 175
203 133
203 285
203 122
203 140
203 182
203 197
203 276
203 294
203 310
203 313
203 347
203 350
204 35
204 102
204 91
204 230
204 147
204 47
204 100
204 145
204 176
204 244
204 249
204 292
204 302
204 303
204 310
204 346
204 385
204 393
205 129
205 263
205 262
205 166
205 141
205 145
205 180
205 264
205 253
205 91
205 122
205 124
205 199
205 247
205 252
205 271
205 342
205 386
205 398
206 55
206 238
206 184
206 9
206 196
206 2
206 19
206 63
206 86
206 97
206 102
206 108
206 199
206 214
206 235
206 281
206 285
206 361
206 373
206 381
206 382
206 397
207 235
207 19
207 185
207 151
207 125
207 66
207 111
207 136
207 21
207 70
207 96
207 101
207 121
207 122
207 131
207 167
207 196
207 198
207 201
207 262
207 264
207 273
207 284
207 307
207 309
207 317
207 319
207 324
207 337
207 346
207 355
207 368
207 372
207 385
208 138
208 167
208 38
208 212
208 255
208 13
208 128
208 151
208 12
208 133
208 75
208 109
208 28
208 240
208 47
208 64
208 80
208 90
208 157
208 180
208 251
208 303
208 308
208 311
208 313
208 331
209 234
209 175
209 264
209 213
209 272
209 77
209 275
209 171
209 198
209 297
209 26
209 33
209 37
209 60
209 68
209 90
209 95
209 112
209 132
209 163
209 176
209 192
209 312
209 328
209 337
209 368
209 385
210 125
210 199
210 43
210 243
210 186
210 198
210 87
210 167
210 200
210 72
210 292
210 215
210 217
210 1
210 60
210 73
210 115
210 118
210 127
210 143
210 190
210 214
210 222
210 228
210 229
210 236
210 256
210 323
210 331
210 335
210 362
210 370
210 371
210 384
211 214
211 86
211 59
211 129
211 173
211 226
211 49
211 2
211 27
211 46
211 99
211 104
211 221
211 230
211 273
211 276
211 314
211 337
211 351
211 355
211 356
211 361
211 369
211 376
212 259
212 130
212 193
212 59
212 239
212 33
212 164
212 100
212 216
212 240
212 196
212 2
212 121
212 143
212 159
212 174
212 208
212 248
212 284
212 300
212 325
212 390
213 60
213 88
213 53
213 18
213 236
213 10
213 252
213 228
213 1
213 21
213 26
213 77
213 107
213 109
213 138
213 181
213 186
213 188
213 199
213 209
213 214
213 266
213 307
213 324
213 325
213 331
213 364
213 365
214 213
214 132
214 210
214 206
214 226
214 151
214 4
214 236
214 218
214 106
214 154
214 176
214 187
214 211
214 219
214 275
214 352
214 366
214 376
215 69
215 99
215 86
215 10
215 169
215 174
215 32
215 51
215 59
215 106
215 109
215 122
215 152
215 159
215 180
215 210
215 264
215 319
215 329
215 352
215 387
215 398
216 78
216 73
216 30
216 168
216 191
216 92
216 267
216 242
216 11
216 16
216 45
216 53
216 212
216 273
216 274
216 327
216 340
216 353
216 380
217 24
217 169
217 16
217 1
217 43
217 71
217 78
217 93
217 118
217 127
217 137
217 148
217 153
217 162
217 210
217 301
217 339
217 366
218 127
218 143
218 120
218 186
218 81
218 255
218 31
218 244
218 60
218 51
218 73
218 297
218 141
218 64
218 167
218 20
218 47
218 54
218 68
218 76
218 87
218 91
218 94
218 103
218 111
218 202
218 214
218 245
218 290
218 310
218 323
218 331
218 333
218 391
218 396
219 6
219 231
219 24
219 227
219 32
219 175
219 214
219 128
219 145
219 91
219 228
219 180
219 114
219 153
219 194
219 22
219 34
219 62
219 105
219 131
219 181
219 262
219 304
219 324
219 325
219 370
219 371
219 383
220 38
220 178
220 27
220 173
220 33
220 9
220 133
220 69
220 7
220 48
220 50
220 93
220 111
220 145
220 199
220 233
220 286
220 292
220 300
220 306
220 313
220 361
220 378
220 392
221 226
221 262
221 13
221 211
221 286
221 21
221 23
221 36
221 70
221 87
221 117
221 119
221 124
221 145
221 197
221 222
221 256
221 257
221 287
221 309
221 310
221 314
221 316
221 339
221 347
221 359
221 364
221 372
221 375
221 392
222 255
222 90
222 221
222 18
222 210
222 233
222 60
222 131
222 65
222 89
222 51
222 71
222 79
222 241
222 257
222 315
222 344
222 345
222 379
222 382
222 385
223 99
223 44
223 47
223 179
223 51
223 231
223 267
223 277
223 135
223 200
223 236
223 282
223 130
223 227
223 85
223 93
223 147
223 158
223 193
223 228
223 258
223 313
223 318
223 323
224 122
224 138
224 21
224 277
224 72
224 116
224 3
224 6
224 15
224 36
224 56
224 79
224 109
224 119
224 145
224 157
224 287
224 300
224 301
224 318
224 321
224 338
224 358
224 373
224 388
225 30
225 249
225 226
225 244
225 256
225 118
225 271
225 31
225 52
225 10
225 67
225 60
225 66
225 163
225 183
225 300
225 301
225 302
225 335
225 359
225 368
225 371
225 379
225 397
226 258
226 100
226 300
226 178
226 26
226 78
226 110
226 36
226 64
226 211
226 214
226 221
226 225
226 274
226 292
226 301
226 335
226 339
226 346
226 354
226 365
226 368
226 371
226 372
226 376
226 387
226 388
227 121
227 55
227 126
227 124
227 268
227 262
227 270
227 19
227 21
227 83
227 89
227 159
227 174
227 190
227 200
227 219
227 223
227 287
227 299
227 309
227 329
227 356
227 362
228 248
228 223
228 130
228 97
228 81
228 33
228 136
228 145
228 210
228 48
228 78
228 90
228 112
228 213
228 219
228 314
228 326
228 337
228 356
228 393
229 16
229 15
229 186
229 169
229 210
229 271
229 53
229 163
229 9
229 62
229 116
229 135
229 151
229 292
229 305
229 315
229 316
229 322
229 323
229 325
229 340
229 351
229 352
229 357
229 381
229 395
230 146
230 211
230 145
230 123
230 11
230 6
230 30
230 60
230 64
230 67
230 74
230 165
230 170
230 173
230 204
230 264
230 306
230 330
230 345
230 390
231 81
231 123
231 1
231 4
231 41
231 54
231 107
231 116
231 118
231 126
231 182
231 219
231 223
231 240
231 315
231 320
231 324
231 344
231 391
231 397
232 11
232 113
232 100
232 60
232 51
232 150
232 2
232 16
232 19
232 58
232 66
232 68
232 88
232 108
232 116
232 135
232 142
232 251
232 327
232 338
232 341
232 384
233 39
233 187
233 189
233 170
233 220
233 84
233 122
233 136
233 169
233 222
233 267
233 268
233 313
233 320
233 347
233 363
233 371
233 377
234 187
234 48
234 197
234 209
234 299
234 323
234 356
234 382
234 389
235 260
235 126
235 206
235 239
235 250
235 146
235 28
235 40
235 41
235 60
235 67
235 98
235 103
235 127
235 165
235 207
235 310
235 316
235 321
235 328
235 333
235 345
235 348
235 366
235 368
236 210
236 76
236 140
236 143
236 192
236 176
236 64
236 68
236 92
236 93
236 213
236 214
236 223
236 292
236 304
236 365
237 59
237 199
237 197
237 170
237 155
237 250
237 42
237 67
237 87
237 112
237 127
237 135
237 161
237 177
237 315
237 320
237 322
237 343
237 376
237 381
237 396
237 398
238 245
238 111
238 179
238 80
238 1
238 180
238 206
238 278
238 291
238 303
238 314
238 322
238 329
238 336
238 380
239 119
239 240
239 290
239 1
239 9
239 61
239 253
239 123
239 150
239 212
239 235
239 243
239 262
239 264
239 273
239 312
239 315
239 335
239 340
239 348
239 364
239 379
240 231
240 31
240 10
240 17
240 296
240 193
240 60
240 148
240 100
240 288
240 25
240 84
240 40
240 48
240 54
240 74
240 128
240 143
240 179
240 185
240 208
240 212
240 239
240 308
240 312
240 346
240 353
240 373
240 384
240 386
241 222
241 113
241 199
241 123
241 76
241 58
241 248
241 2
241 37
241 109
241 121
241 127
241 146
241 242
241 288
241 328
241 334
241 353
241 368
241 396
242 241
242 79
242 182
242 181
242 292
242 291
242 173
242 19
242 13
242 24
242 66
242 92
242 154
242 189
242 216
242 289
242 307
242 309
242 311
242 342
242 351
242 357
243 239
243 86
243 112
243 123
243 153
243 210
243 291
243 306
243 315
243 322
243 323
243 326
243 339
243 343
243 369
243 388
244 138
244 300
244 47
244 142
244 204
244 286
244 144
244 135
244 281
244 150
244 9
244 31
244 64
244 77
244 94
244 100
244 218
244 225
244 252
244 290
244 298
244 332
244 336
244 349
244 387
244 391
244 394
245 50
245 56
245 95
245 124
245 127
245 218
245 28
245 89
245 99
245 116
245 143
245 148
245 238
245 257
245 274
245 289
245 294
245 307
245 314
245 319
245 389
246 66
246 107
246 60
246 117
246 144
246 301
246 311
246 315
246 324
246 339
246 351
246 363
246 384
246 396
247 7
247 71
247 22
247 66
247 133
247 249
247 140
247 89
247 83
247 256
247 69
247 176
247 205
247 31
247 258
247 260
247 295
247 305
247 307
247 336
247 354
247 371
247 394
248 105
248 167
248 41
248 2
248 212
248 176
248 228
248 241
248 256
248 281
248 300
248 330
248 334
248 335
248 341
248 347
248 358
248 360
248 373
248 386
249 204
249 260
249 198
249 169
249 63
249 157
249 3
249 6
249 82
249 111
249 135
249 156
249 197
249 225
249 247
249 279
249 285
249 287
249 306
249 308
249 316
249 326
249 329
249 331
249 340
249 368
249 390
249 391
250 158
250 173
250 51
250 11
250 12
250 87
250 103
250 124
250 155
250 169
250 187
250 235
250 237
250 273
250 310
250 329
250 385
251 113
251 146
251 47
251 258
251 208
251 135
251 36
251 300
251 194
251 259
251 86
251 281
251 24
251 232
251 4
251 12
251 61
251 64
251 96
251 100
251 112
251 155
251 162
251 171
251 201
251 273
251 303
251 318
251 328
251 330
251 355
251 361
251 369
251 382
251 396
252 205
252 256
252 60
252 5
252 16
252 134
252 179
252 198
252 244
252 101
252 1
252 66
252 84
252 97
252 109
252 156
252 213
252 299
252 310
252 311
252 328
252 339
252 342
252 344
252 374
252 393
253 266
253 65
253 269
253 148
253 200
253 74
253 2
253 11
253 17
253 18
253 51
253 72
253 140
253 152
253 153
253 162
253 167
253 172
253 188
253 193
253 205
253 239
253 316
253 333
253 339
253 371
253 382
253 395
253 398
254 202
254 13
254 37
254 84
254 102
254 161
254 182
254 192
254 199
254 282
254 299
254 326
254 331
254 359
254 374
254 375
254 397
255 74
255 37
255 59
255 155
255 151
255 150
255 1
255 81
255 25
255 107
255 125
255 178
255 208
255 218
255 222
255 276
255 288
255 308
255 325
255 353
255 354
255 366
255 378
255 381
255 398
256 248
256 199
256 2
256 200
256 110
256 149
256 23
256 221
256 210
256 196
256 5
256 12
256 19
256 73
256 79
256 85
256 96
256 104
256 108
256 125
256 171
256 172
256 225
256 247
256 252
256 302
256 311
256 323
256 336
256 342
256 348
256 393
257 222
257 291
257 59
257 160
257 49
257 245
257 56
257 221
257 68
257 265
257 19
257 28
257 62
257 75
257 133
257 148
257 186
257 268
257 289
257 300
257 312
257 353
257 355
258 39
258 223
258 91
258 141
258 247
258 52
258 67
258 201
258 226
258 251
258 265
258 284
258 305
258 360
258 365
258 368
258 370
258 377
258 379
258 387
258 394
259 166
259 131
259 114
259 283
259 39
259 54
259 74
259 111
259 124
259 152
259 202
259 212
259 251
259 279
259 327
259 365
260 110
260 111
260 247
260 57
260 63
260 153
260 175
260 199
260 235
260 249
260 270
260 286
260 303
260 336
260 350
260 381
260 384
261 22
261 138
261 192
261 104
261 189
261 105
261 74
261 295
261 51
261 90
261 168
261 171
261 174
261 285
261 334
261 339
261 340
261 348
261 351
261 369
262 71
262 140
262 239
262 115
262 111
262 124
262 64
262 152
262 135
262 62
262 79
262 219
262 127
262 207
262 26
262 91
262 95
262 155
262 176
262 180
262 194
262 205
262 221
262 227
262 327
262 357
262 394
263 143
263 188
263 92
263 168
263 34
263 127
263 137
263 185
263 205
263 264
263 292
263 296
263 326
263 347
263 352
263 359
263 389
264 230
264 192
264 285
264 52
264 102
264 286
264 263
264 51
264 114
264 271
264 207
264 215
264 84
264 239
264 16
264 29
264 47
264 70
264 122
264 130
264 168
264 186
264 202
264 205
264 209
264 290
264 306
264 307
264 358
264 375
265 15
265 91
265 77
265 162
265 258
265 122
265 62
265 24
265 54
265 65
265 147
265 181
265 186
265 257
265 324
265 364
265 381
265 395
266 213
266 13
266 18
266 37
266 12
266 26
266 190
266 280
266 94
266 167
266 33
266 42
266 67
266 73
266 126
266 187
266 189
266 192
266 193
266 253
266 299
266 309
266 322
266 336
266 344
266 350
266 361
266 374
266 385
267 233
267 81
267 180
267 28
267 20
267 43
267 136
267 96
267 55
267 150
267 165
267 216
267 223
267 299
267 304
267 310
267 361
268 73
268 280
268 131
268 155
268 141
268 288
268 279
268 257
268 108
268 233
268 134
268 5
268 83
268 172
268 193
268 227
268 333
268 358
268 388
269 60
269 32
269 200
269 102
269 101
269 293
269 1
269 137
269 81
269 165
269 41
269 29
269 75
269 127
269 131
269 145
269 155
269 158
269 162
269 199
269 253
269 285
269 291
269 300
269 316
269 345
269 350
269 381
269 395
270 95
270 260
270 274
270 4
270 147
270 152
270 62
270 293
270 37
270 65
270 85
270 107
270 114
270 136
270 142
270 162
270 227
270 304
270 312
270 318
270 354
270 364
270 372
271 15
271 16
271 4
271 205
271 26
271 291
271 276
271 55
271 90
271 53
271 54
271 109
271 141
271 166
271 199
271 225
271 229
271 264
271 289
271 305
271 315
271 339
271 349
271 358
272 194
272 30
272 29
272 31
272 279
272 110
272 120
272 19
272 46
272 50
272 77
272 89
272 112
272 118
272 119
272 124
272 200
272 209
272 285
272 340
272 346
272 357
272 358
272 391
273 250
273 251
273 149
273 49
273 239
273 207
273 211
273 99
273 216
273 200
273 30
273 57
273 85
273 148
273 158
273 307
273 310
273 328
273 357
273 359
273 395
274 60
274 245
274 226
274 133
274 216
274 84
274 37
274 78
274 282
274 41
274 57
274 110
274 126
274 203
274 270
274 301
274 321
274 346
274 361
274 365
274 377
274 392
275 2
275 25
275 37
275 286
275 214
275 15
275 29
275 85
275 135
275 195
275 209
275 300
275 304
275 312
275 326
275 339
276 149
276 37
276 5
276 155
276 29
276 203
276 172
276 211
276 283
276 255
276 6
276 15
276 58
276 61
276 108
276 182
276 271
276 290
276 311
276 352
276 354
276 361
276 387
276 392
276 393
276 396
277 128
277 199
277 158
277 179
277 14
277 19
277 50
277 60
277 61
277 64
277 92
277 109
277 153
277 174
277 175
277 223
277 224
277 280
277 304
277 338
277 344
277 375
277 383
278 106
278 44
278 162
278 56
278 74
278 238
278 296
278 11
278 123
278 171
278 39
278 90
278 50
278 93
278 133
278 164
278 346
278 362
278 367
278 373
279 171
279 45
279 249
279 3
279 58
279 192
279 185
279 78
279 177
279 259
279 126
279 62
279 69
279 88
279 107
279 133
279 148
279 149
279 158
279 163
279 268
279 272
279 318
279 324
279 325
279 344
279 357
279 372
279 375
280 202
280 277
280 108
280 20
280 89
280 174
280 177
280 85
280 62
280 71
280 72
280 117
280 121
280 159
280 182
280 201
280 266
280 268
280 362
280 367
281 248
281 206
281 17
281 63
281 287
281 76
281 131
281 154
281 61
281 102
281 11
281 47
281 64
281 99
281 132
281 161
281 164
281 196
281 200
281 244
281 251
281 302
281 313
281 382
281 395
281 397
282 284
282 43
282 87
282 163
282 187
282 254
282 37
282 143
282 164
282 223
282 274
282 298
282 319
282 326
282 349
282 356
282 387
283 291
283 153
283 25
283 63
283 142
283 190
283 73
283 75
283 85
283 137
283 200
283 259
283 276
283 313
283 318
283 325
283 328
283 344
283 353
283 354
283 372
283 391
284 207
284 64
284 290
284 212
284 153
284 52
284 168
284 258
284 27
284 50
284 84
284 92
284 95
284 135
284 140
284 182
284 186
284 193
284 282
284 307
284 343
284 363
284 383
285 269
285 195
285 272
285 261
285 206
285 249
285 103
285 176
285 185
285 69
285 15
285 20
285 32
285 74
285 93
285 117
285 154
285 203
285 264
285 293
285 312
285 318
285 330
285 344
285 353
285 387
285 398
286 160
286 155
286 183
286 220
286 260
286 11
286 16
286 93
286 131
286 150
286 159
286 188
286 221
286 244
286 264
286 275
286 301
286 312
286 343
286 363
287 72
287 197
287 227
287 39
287 249
287 299
287 221
287 45
287 174
287 100
287 224
287 176
287 79
287 74
287 15
287 36
287 37
287 78
287 90
287 145
287 187
287 190
287 281
287 298
287 304
287 314
287 358
287 365
288 166
288 255
288 241
288 195
288 94
288 22
288 81
288 199
288 240
288 268
288 313
288 315
288 333
288 382
289 257
289 242
289 134
289 271
289 245
289 37
289 74
289 84
289 150
289 155
289 169
289 182
289 197
289 333
289 354
289 368
289 386
290 244
290 168
290 264
290 14
290 67
290 22
290 28
290 127
290 218
290 147
290 276
290 87
290 15
290 37
290 40
290 51
290 53
290 61
290 79
290 82
290 84
290 128
290 178
290 239
290 284
290 292
290 297
290 304
290 356
290 357
290 362
290 389
291 243
291 95
291 169
291 47
291 269
291 38
291 3
291 171
291 22
291 160
291 124
291 145
291 136
291 238
291 55
291 89
291 102
291 192
291 242
291 257
291 271
291 283
291 302
291 314
291 370
291 378
292 263
292 41
292 204
292 290
292 88
292 135
292 195
292 220
292 229
292 226
292 236
292 90
292 47
292 70
292 81
292 99
292 134
292 147
292 166
292 210
292 242
292 355
292 356
292 359
292 360
292 378
292 394
293 71
293 110
293 41
293 296
293 35
293 188
293 63
293 285
293 194
293 185
293 12
293 16
293 21
293 28
293 34
293 112
293 139
293 145
293 156
293 269
293 270
293 318
293 319
293 374
293 379
293 394
293 395
294 203
294 101
294 168
294 295
294 245
294 21
294 39
294 44
294 118
294 121
294 134
294 141
294 318
294 322
294 328
294 329
294 363
294 364
294 375
294 377
295 109
295 58
295 7
295 105
295 167
295 171
295 144
295 97
295 121
295 247
295 74
295 33
295 76
295 77
295 154
295 174
295 176
295 187
295 261
295 294
295 341
295 368
295 370
295 373
296 1
296 160
296 263
296 9
296 42
296 43
296 101
296 179
296 240
296 278
296 293
296 323
296 336
296 356
296 378
296 387
297 85
297 290
297 108
297 140
297 149
297 156
297 179
297 209
297 218
297 300
297 323
298 123
298 153
298 287
298 244
298 14
298 66
298 85
298 26
298 167
298 68
298 282
298 91
298 104
298 116
298 149
298 163
298 201
298 303
298 327
298 365
298 389
298 390
299 234
299 254
299 267
299 185
299 174
299 133
299 227
299 252
299 85
299 266
299 124
299 47
299 51
299 92
299 100
299 199
299 287
299 308
299 326
299 327
299 332
299 348
299 358
300 182
300 269
300 155
300 51
300 126
300 138
300 225
300 248
300 224
300 97
300 24
300 169
300 226
300 244
300 251
300 321
300 326
300 335
300 340
300 346
300 351
300 360
300 220
300 137
300 74
300 181
300 193
300 161
300 257
300 142
300 2
300 164
300 134
300 108
300 212
300 42
300 147
300 22
300 175
300 297
300 80
300 275
300 354
300 373
300 393
301 193
301 47
301 83
301 86
301 286
301 93
301 274
301 225
301 246
301 226
301 42
301 224
301 50
301 158
301 17
301 99
301 115
301 217
301 19
301 169
301 308
301 309
301 313
301 343
301 360
301 380
302 225
302 91
302 4
302 179
302 174
302 169
302 192
302 148
302 200
302 74
302 13
302 281
302 143
302 155
302 291
302 134
302 88
302 256
302 204
302 133
302 306
302 309
302 324
302 328
302 333
302 334
302 347
303 260
303 132
303 251
303 70
303 101
303 183
303 204
303 187
303 39
303 73
303 208
303 142
303 238
303 123
303 141
303 88
303 133
303 157
303 45
303 298
303 324
303 327
303 352
304 267
304 290
304 44
304 277
304 287
304 40
304 126
304 55
304 99
304 183
304 191
304 1
304 219
304 236
304 141
304 147
304 179
304 270
304 115
304 275
304 346
304 373
304 374
304 389
304 398
305 258
305 247
305 124
305 229
305 115
305 35
305 128
305 49
305 157
305 106
305 114
305 169
305 271
305 4
305 164
305 32
305 66
305 158
305 45
305 198
305 310
305 321
305 334
305 337
305 343
305 347
305 365
305 369
305 374
306 69
306 230
306 163
306 6
306 134
306 98
306 67
306 29
306 220
306 302
306 249
306 198
306 46
306 188
306 11
306 243
306 264
306 108
306 150
306 58
306 344
306 352
307 273
307 176
307 97
307 194
307 213
307 46
307 245
307 96
307 190
307 264
307 38
307 207
307 247
307 242
307 187
307 121
307 35
307 284
307 48
307 21
307 310
307 315
307 325
307 339
307 355
307 359
307 367
307 377
308 240
308 255
308 161
308 301
308 143
308 124
308 187
308 249
308 98
308 208
308 38
308 189
308 136
308 90
308 299
308 175
308 109
308 131
308 88
308 132
308 310
308 311
308 315
308 317
308 318
308 367
308 378
309 302
309 56
309 207
309 146
309 266
309 69
309 144
309 121
309 221
309 51
309 301
309 242
309 190
309 227
309 118
309 151
309 167
309 77
309 184
309 66
309 346
309 347
309 354
309 388
310 85
310 82
310 163
310 112
310 116
310 204
310 221
310 99
310 308
310 134
310 252
310 203
310 307
310 305
310 218
310 273
310 235
310 250
310 267
310 108
310 320
310 388
311 208
311 308
311 252
311 256
311 168
311 179
311 276
311 242
311 33
311 246
311 95
311 108
311 23
311 152
311 96
311 150
311 103
311 39
311 199
311 193
311 312
311 314
311 321
311 324
311 334
311 339
311 345
311 353
311 355
311 357
311 361
311 380
312 174
312 123
312 109
312 142
312 66
312 153
312 286
312 91
312 67
312 257
312 270
312 240
312 285
312 275
312 311
312 189
312 121
312 140
312 209
312 239
312 314
312 329
312 350
312 351
312 382
313 112
313 223
313 203
313 281
313 208
313 191
313 283
313 153
313 122
313 5
313 31
313 99
313 288
313 74
313 116
313 86
313 220
313 233
313 301
313 96
313 341
313 349
314 192
314 221
314 211
314 238
314 48
314 126
314 147
314 185
314 245
314 187
314 287
314 67
314 177
314 312
314 228
314 86
314 291
314 164
314 179
314 311
314 386
314 392
315 107
315 239
315 222
315 307
315 229
315 8
315 288
315 271
315 308
315 188
315 68
315 153
315 231
315 243
315 177
315 246
315 29
315 237
315 84
315 54
315 316
315 317
315 319
315 322
315 327
315 370
315 381
315 387
316 221
316 125
316 48
316 253
316 100
316 76
316 134
316 141
316 20
316 249
316 229
316 184
316 188
316 269
316 124
316 81
316 235
316 315
316 195
316 37
316 321
316 332
316 343
316 346
316 356
317 308
317 127
317 102
317 166
317 315
317 191
317 87
317 110
317 152
317 29
317 67
317 31
317 17
317 131
317 199
317 135
317 78
317 207
317 130
317 196
317 319
317 330
317 332
317 338
317 347
317 353
317 354
317 373
318 135
318 164
318 279
318 223
318 285
318 293
318 283
318 29
318 270
318 73
318 40
318 152
318 294
318 251
318 224
318 83
318 39
318 119
318 158
318 308
318 350
318 359
318 362
318 398
319 46
319 30
319 215
319 33
319 317
319 207
319 315
319 37
319 79
319 96
319 293
319 107
319 124
319 72
319 122
319 149
319 282
319 245
319 3
319 28
319 326
319 352
319 355
319 366
319 378
319 385
319 389
319 393
319 395
320 104
320 131
320 141
320 199
320 130
320 46
320 70
320 50
320 23
320 237
320 233
320 39
320 62
320 80
320 9
320 231
320 126
320 37
320 112
320 310
320 377
320 381
320 392
321 49
321 75
321 24
321 187
321 29
321 316
321 274
321 300
321 305
321 224
321 181
321 131
321 235
321 311
321 94
321 84
321 79
321 77
321 88
321 3
321 338
321 346
321 348
321 351
322 100
322 266
322 5
322 83
322 238
322 139
322 237
322 47
322 34
322 46
322 229
322 17
322 294
322 35
322 58
322 315
322 243
322 91
322 97
322 146
322 324
322 327
322 334
322 352
322 357
323 297
323 80
323 243
323 229
323 65
323 41
323 9
323 223
323 256
323 197
323 296
323 156
323 145
323 35
323 44
323 234
323 218
323 210
323 198
323 45
323 369
323 380
323 393
324 302
324 47
324 173
324 53
324 322
324 93
324 193
324 31
324 59
324 207
324 231
324 303
324 36
324 279
324 246
324 219
324 213
324 69
324 265
324 311
324 331
324 336
324 340
324 362
324 378
324 382
324 386
325 178
325 255
325 194
325 229
325 49
325 191
325 151
325 283
325 33
325 212
325 219
325 38
325 18
325 213
325 1
325 307
325 161
325 279
325 102
325 185
325 355
325 361
325 379
326 152
326 263
326 282
326 191
326 195
326 300
326 6
326 275
326 254
326 319
326 243
326 99
326 65
326 228
326 249
326 45
326 299
326 54
326 173
326 25
327 322
327 33
327 144
327 191
327 259
327 315
327 102
327 299
327 303
327 94
327 216
327 57
327 3
327 37
327 298
327 232
327 84
327 79
327 262
327 106
327 336
327 338
327 356
327 359
327 363
328 168
328 302
328 294
328 7
328 4
328 160
328 61
328 241
328 273
328 86
328 252
328 283
328 47
328 27
328 209
328 66
328 235
328 251
328 152
328 113
328 342
328 347
328 356
328 384
328 387
329 294
329 227
329 87
329 188
329 10
329 25
329 312
329 250
329 249
329 189
329 121
329 187
329 195
329 56
329 94
329 215
329 14
329 27
329 135
329 238
329 334
329 348
329 370
330 34
330 230
330 71
330 201
330 251
330 161
330 150
330 248
330 285
330 83
330 97
330 18
330 66
330 317
330 135
330 151
330 42
330 63
330 163
330 2
330 362
330 367
330 381
331 210
331 208
331 94
331 324
331 149
331 167
331 213
331 101
331 254
331 249
331 218
331 178
331 102
331 117
331 189
331 76
331 112
331 21
331 84
331 16
331 358
331 371
332 316
332 157
332 111
332 299
332 107
332 88
332 244
332 104
332 154
332 317
332 97
332 168
332 110
332 65
332 148
332 118
332 62
332 101
332 114
332 102
332 355
332 368
332 372
332 382
332 396
333 12
333 253
333 268
333 101
333 235
333 180
333 52
333 288
333 192
333 118
333 140
333 43
333 136
333 9
333 152
333 191
333 289
333 78
333 302
333 218
333 367
333 374
333 375
333 380
333 383
334 130
334 302
334 305
334 1
334 329
334 322
334 261
334 46
334 19
334 27
334 166
334 30
334 182
334 248
334 138
334 49
334 126
334 163
334 241
334 311
335 225
335 210
335 12
335 70
335 105
335 194
335 300
335 76
335 197
335 38
335 168
335 248
335 75
335 146
335 239
335 109
335 150
335 226
335 116
335 144
335 343
335 353
335 358
335 388
336 167
336 52
336 133
336 166
336 260
336 62
336 200
336 155
336 96
336 327
336 296
336 238
336 266
336 324
336 256
336 244
336 72
336 163
336 76
336 247
336 342
336 364
336 370
336 377
336 385
337 8
337 15
337 305
337 89
337 173
337 176
337 60
337 34
337 124
337 171
337 211
337 158
337 67
337 39
337 228
337 3
337 202
337 58
337 207
337 209
337 361
338 120
338 232
338 39
338 277
338 65
338 199
338 8
338 224
338 179
338 22
338 196
338 317
338 51
338 43
338 171
338 1
338 108
338 119
338 327
338 321
338 342
338 368
338 388
338 394
338 396
339 275
339 8
339 163
339 252
339 21
339 217
339 307
339 253
339 221
339 261
339 226
339 122
339 114
339 243
339 246
339 271
339 71
339 139
339 41
339 311
339 341
339 362
339 367
340 216
340 5
340 229
340 239
340 272
340 184
340 46
340 86
340 83
340 71
340 118
340 261
340 163
340 175
340 300
340 194
340 324
340 189
340 73
340 249
340 346
340 349
340 380
341 16
341 164
341 295
341 45
341 188
341 22
341 339
341 133
341 106
341 100
341 15
341 57
341 313
341 232
341 248
341 174
341 6
341 137
341 7
341 186
341 344
341 345
341 363
341 370
341 389
342 41
342 31
342 96
342 168
342 120
342 166
342 252
342 336
342 71
342 106
342 256
342 102
342 242
342 6
342 328
342 205
342 150
342 45
342 338
342 26
342 343
342 353
342 358
342 359
342 385
343 305
343 185
343 94
343 342
343 286
343 316
343 137
343 80
343 284
343 335
343 301
343 125
343 11
343 129
343 70
343 151
343 237
343 110
343 195
343 243
343 385
343 386
344 252
344 279
344 222
344 283
344 176
344 174
344 157
344 341
344 162
344 101
344 44
344 285
344 306
344 170
344 231
344 277
344 109
344 82
344 190
344 266
344 350
344 354
345 269
345 164
345 108
345 56
345 142
345 24
345 156
345 341
345 222
345 235
345 50
345 230
345 61
345 132
345 49
345 311
345 82
345 109
345 67
345 32
345 358
345 361
345 363
345 386
345 389
345 394
346 304
346 97
346 278
346 179
346 143
346 316
346 204
346 300
346 116
346 340
346 226
346 309
346 207
346 142
346 272
346 274
346 178
346 107
346 240
346 321
346 351
346 373
346 377
346 378
347 328
347 248
347 39
347 170
347 90
347 181
347 199
347 221
347 305
347 155
347 203
347 263
347 233
347 131
347 50
347 309
347 196
347 317
347 302
347 2
347 351
347 380
348 25
348 180
348 131
348 329
348 92
348 299
348 114
348 188
348 181
348 33
348 256
348 321
348 100
348 3
348 31
348 261
348 239
348 182
348 93
348 235
348 364
348 390
349 16
349 192
349 45
349 182
349 112
349 74
349 149
349 313
349 271
349 43
349 244
349 158
349 282
349 186
349 86
349 96
349 54
349 143
349 340
349 142
349 350
349 353
349 392
349 393
350 116
350 266
350 63
350 180
350 55
350 46
350 312
350 349
350 318
350 203
350 114
350 269
350 48
350 344
350 260
350 146
350 130
350 7
350 98
350 78
350 359
350 361
350 370
350 374
351 300
351 31
351 246
351 229
351 151
351 59
351 261
351 242
351 99
351 312
351 97
351 321
351 85
351 180
351 347
351 169
351 178
351 3
351 211
351 346
351 355
352 87
352 276
352 153
352 263
352 214
352 112
352 319
352 166
352 197
352 215
352 322
352 195
352 48
352 22
352 64
352 187
352 303
352 39
352 306
352 229
352 370
352 383
352 395
353 335
353 311
353 255
353 349
353 119
353 283
353 285
353 37
353 317
353 257
353 173
353 161
353 342
353 216
353 44
353 241
353 179
353 189
353 240
353 108
354 120
354 283
354 23
354 276
354 226
354 247
354 177
354 300
354 86
354 317
354 67
354 344
354 289
354 150
354 309
354 146
354 106
354 270
354 255
354 9
354 357
354 375
354 394
355 177
355 14
355 292
355 319
355 11
355 325
355 207
355 307
355 211
355 251
355 84
355 197
355 144
355 257
355 332
355 311
355 351
355 149
355 134
355 35
355 378
355 391
356 187
356 316
356 296
356 282
356 115
356 129
356 176
356 68
356 161
356 327
356 290
356 76
356 234
356 328
356 56
356 153
356 292
356 228
356 227
356 211
356 360
356 371
356 392
357 290
357 279
357 95
357 17
357 116
357 311
357 242
357 202
357 322
357 272
357 229
357 173
357 14
357 273
357 39
357 160
357 143
357 262
357 354
357 66
357 398
358 130
358 224
358 342
358 2
358 112
358 271
358 287
358 248
358 94
358 272
358 264
358 331
358 51
358 299
358 335
358 109
358 345
358 123
358 268
358 33
359 318
359 254
359 48
359 132
359 225
359 184
359 350
359 31
359 103
359 35
359 120
359 342
359 327
359 263
359 42
359 273
359 114
359 292
359 221
359 307
359 376
359 380
359 386
360 177
360 72
360 62
360 248
360 189
360 159
360 12
360 165
360 42
360 8
360 175
360 292
360 258
360 196
360 41
360 300
360 301
360 356
360 118
360 134
360 371
360 378
361 350
361 251
361 130
361 337
361 266
361 345
361 276
361 220
361 155
361 163
361 206
361 311
361 49
361 325
361 80
361 211
361 274
361 167
361 267
361 162
361 367
361 388
361 391
361 396
362 160
362 56
362 102
362 278
362 183
362 227
362 210
362 175
362 133
362 74
362 9
362 330
362 71
362 166
362 23
362 318
362 324
362 339
362 280
362 290
362 369
363 64
363 246
363 31
363 125
363 91
363 345
363 106
363 89
363 103
363 294
363 341
363 150
363 16
363 119
363 5
363 47
363 327
363 284
363 233
363 286
364 56
364 134
364 34
364 140
364 81
364 348
364 294
364 181
364 270
364 91
364 213
364 114
364 239
364 150
364 111
364 148
364 221
364 336
364 265
364 92
365 259
365 30
365 213
365 17
365 274
365 298
365 192
365 123
365 133
365 226
365 140
365 19
365 59
365 135
365 236
365 258
365 305
365 287
365 111
365 22
365 395
365 398
366 19
366 255
366 49
366 235
366 145
366 68
366 5
366 154
366 142
366 319
366 217
366 214
366 86
366 192
366 139
366 6
366 166
366 42
366 160
366 53
366 378
367 146
367 5
367 361
367 142
367 333
367 339
367 278
367 190
367 151
367 135
367 154
367 173
367 121
367 93
367 308
367 280
367 307
367 127
367 105
367 330
367 375
368 122
368 338
368 241
368 235
368 27
368 185
368 195
368 96
368 249
368 207
368 85
368 258
368 225
368 47
368 295
368 289
368 86
368 209
368 226
368 332
369 67
369 182
369 196
369 243
369 323
369 40
369 166
369 41
369 72
369 51
369 113
369 305
369 362
369 261
369 184
369 144
369 61
369 181
369 211
369 251
369 380
370 184
370 295
370 134
370 258
370 315
370 219
370 341
370 336
370 329
370 15
370 210
370 350
370 352
370 66
370 291
370 145
370 115
370 162
370 116
370 24
370 390
371 356
371 226
371 219
371 31
371 44
371 80
371 233
371 331
371 195
371 40
371 27
371 247
371 210
371 141
371 253
371 125
371 360
371 225
371 9
371 177
371 381
371 393
372 41
372 279
372 186
372 20
372 116
372 134
372 157
372 221
372 207
372 283
372 58
372 65
372 7
372 83
372 69
372 226
372 270
372 112
372 192
372 332
372 396
373 295
373 89
373 118
373 1
373 317
373 304
373 224
373 206
373 168
373 113
373 188
373 300
373 240
373 278
373 179
373 248
373 187
373 41
373 12
373 346
374 43
374 57
374 293
374 109
374 266
374 50
374 252
374 133
374 110
374 193
374 51
374 333
374 134
374 350
374 304
374 97
374 254
374 58
374 30
374 305
375 333
375 43
375 254
375 182
375 124
375 194
375 183
375 69
375 279
375 277
375 10
375 354
375 221
375 264
375 294
375 191
375 67
375 367
375 22
375 25
376 185
376 44
376 123
376 173
376 135
376 226
376 58
376 197
376 152
376 57
376 128
376 92
376 49
376 43
376 359
376 214
376 211
376 2
376 97
376 237
376 387
376 389
376 398
377 274
377 346
377 57
377 137
377 336
377 320
377 200
377 58
377 14
377 294
377 258
377 159
377 307
377 233
377 39
377 100
377 172
377 181
377 59
377 197
377 382
377 387
377 390
378 308
378 360
378 107
378 355
378 255
378 36
378 346
378 220
378 121
378 291
378 124
378 319
378 163
378 62
378 366
378 292
378 296
378 195
378 324
378 42
379 222
379 91
379 293
379 258
379 192
379 54
379 120
379 55
379 141
379 134
379 225
379 93
379 184
379 39
379 239
379 163
379 176
379 9
379 325
379 153
379 397
380 238
380 323
380 359
380 123
380 11
380 32
380 100
380 333
380 36
380 119
380 301
380 347
380 172
380 64
380 369
380 340
380 186
380 311
380 104
380 216
381 20
381 265
381 180
381 315
381 26
381 260
381 67
381 371
381 77
381 206
381 255
381 229
381 13
381 138
381 330
381 237
381 269
381 38
381 34
381 320
381 391
381 393
382 120
382 312
382 222
382 145
382 78
382 206
382 288
382 251
382 102
382 253
382 149
382 190
382 281
382 28
382 332
382 106
382 185
382 377
382 324
382 234
383 14
383 21
383 132
383 52
383 352
383 5
383 333
383 219
383 33
383 13
383 31
383 160
383 150
383 49
383 100
383 146
383 9
383 277
383 127
383 284
384 73
384 14
384 53
384 210
384 328
384 260
384 232
384 126
384 160
384 128
384 170
384 5
384 55
384 84
384 51
384 165
384 89
384 246
384 171
384 240
384 387
384 394
385 266
385 250
385 222
385 319
385 10
385 336
385 169
385 209
385 62
385 152
385 343
385 204
385 36
385 95
385 75
385 342
385 12
385 207
385 60
385 200
386 194
386 289
386 205
386 359
386 135
386 314
386 33
386 141
386 345
386 100
386 171
386 3
386 324
386 240
386 20
386 343
386 38
386 248
386 107
386 94
387 296
387 328
387 164
387 215
387 178
387 276
387 315
387 8
387 142
387 384
387 118
387 226
387 258
387 113
387 244
387 376
387 107
387 285
387 282
387 377
387 396
388 61
388 338
388 87
388 198
388 310
388 120
388 155
388 309
388 243
388 268
388 173
388 335
388 226
388 224
388 183
388 74
388 154
388 136
388 361
388 171
389 161
389 138
389 245
389 290
389 234
389 376
389 263
389 345
389 341
389 12
389 90
389 17
389 200
389 8
389 319
389 166
389 186
389 304
389 298
389 94
389 396
390 130
390 370
390 158
390 29
390 196
390 147
390 136
390 140
390 101
390 377
390 212
390 39
390 5
390 81
390 230
390 249
390 193
390 109
390 348
390 298
391 159
391 249
391 95
391 231
391 153
391 244
391 63
391 199
391 126
391 102
391 218
391 283
391 100
391 18
391 381
391 355
391 136
391 194
391 272
391 361
392 22
392 107
392 314
392 201
392 72
392 276
392 73
392 320
392 46
392 356
392 220
392 157
392 125
392 221
392 121
392 274
392 136
392 349
392 148
392 186
392 396
393 138
393 228
393 349
393 276
393 95
393 63
393 113
393 323
393 371
393 300
393 5
393 319
393 381
393 24
393 125
393 58
393 256
393 111
393 204
393 252
394 105
394 354
394 292
394 13
394 258
394 384
394 190
394 262
394 170
394 175
394 123
394 244
394 143
394 41
394 124
394 345
394 338
394 201
394 293
394 247
395 269
395 229
395 36
395 91
395 95
395 293
395 129
395 265
395 125
395 365
395 319
395 352
395 4
395 281
395 139
395 1
395 253
395 273
395 141
395 49
396 133
396 361
396 69
396 338
396 241
396 332
396 167
396 218
396 389
396 251
396 116
396 174
396 237
396 392
396 372
396 276
396 387
396 177
396 246
396 158
397 379
397 231
397 87
397 254
397 197
397 281
397 206
397 39
397 150
397 162
397 63
397 118
397 103
397 168
397 135
397 160
397 1
397 192
397 56
397 225
398 122
398 183
398 253
398 201
398 376
398 365
398 357
398 4
398 285
398 318
398 304
398 175
398 255
398 140
398 99
398 237
398 205
398 215
398 123
398 158
