1 38
1 29
1 45
1 140
1 166
1 185
1 194
1 222
1 269
1 299
2 174
2 93
2 286
2 254
2 224
2 126
2 211
2 13
2 90
2 119
2 167
2 246
2 249
3 280
3 246
3 89
3 244
3 22
3 297
3 268
3 8
3 43
3 58
3 59
3 64
3 81
3 107
3 113
3 115
3 122
3 143
3 161
3 265
4 106
4 66
4 259
4 44
4 246
4 257
4 273
4 263
4 250
4 88
4 89
4 197
4 224
4 268
4 284
5 183
5 124
5 246
5 20
5 40
5 92
5 95
5 103
5 119
5 151
5 170
5 196
5 245
6 163
6 185
6 115
6 40
6 106
6 285
6 230
6 226
6 269
6 24
6 64
6 75
6 98
6 132
6 154
6 167
6 288
6 299
7 187
7 53
7 275
7 104
7 106
7 56
7 98
7 150
7 74
7 191
7 9
7 16
7 47
7 49
7 62
7 108
7 116
7 134
7 218
8 189
8 202
8 207
8 74
8 3
8 241
8 47
8 27
8 50
8 110
8 143
8 167
8 172
8 176
8 196
8 236
8 262
8 284
9 290
9 208
9 83
9 199
9 161
9 282
9 189
9 7
9 23
9 27
9 28
9 37
9 56
9 75
9 122
9 143
9 187
9 198
9 289
9 300
10 119
10 201
10 13
10 36
10 55
10 79
10 141
10 153
10 195
10 199
10 248
10 290
11 33
11 57
11 185
11 203
12 162
12 89
12 92
12 129
12 147
12 182
12 209
12 251
12 273
12 289
12 290
13 10
13 279
13 167
13 2
13 54
13 135
13 89
13 192
13 185
13 36
13 43
13 47
13 74
13 97
13 102
13 121
13 160
13 190
13 193
13 196
13 241
14 231
14 219
14 280
14 218
14 243
14 22
14 24
14 42
14 46
14 131
14 189
14 215
14 216
14 222
14 275
15 80
15 159
15 53
15 50
15 100
15 162
15 222
15 277
15 280
16 229
16 172
16 7
16 152
16 34
16 154
16 192
16 160
16 98
16 268
16 251
16 273
16 19
16 103
16 76
16 91
16 95
16 107
16 131
16 133
16 167
16 202
16 263
16 290
17 234
17 201
17 223
17 235
17 197
17 125
17 53
17 100
17 146
17 194
18 21
18 255
18 47
18 79
18 102
18 119
18 128
18 135
18 143
18 156
18 209
18 216
18 242
18 258
19 35
19 193
19 78
19 88
19 160
19 128
19 283
19 204
19 152
19 245
19 126
19 24
19 16
19 22
19 63
19 200
19 271
20 140
20 5
20 255
20 253
20 35
20 224
20 191
20 168
20 109
20 91
20 104
20 113
20 145
20 208
20 209
20 261
21 121
21 233
21 256
21 246
21 30
21 262
21 124
21 218
21 222
21 18
21 31
21 52
21 142
21 169
21 202
21 239
21 281
21 289
22 220
22 239
22 168
22 87
22 181
22 19
22 70
22 31
22 60
22 194
22 76
22 210
22 14
22 3
22 124
22 177
22 178
22 206
22 273
23 199
23 89
23 91
23 101
23 78
23 133
23 79
23 37
23 90
23 167
23 9
23 170
23 185
23 45
23 39
23 52
23 70
23 87
23 108
23 145
24 158
24 232
24 297
24 103
24 14
24 6
24 19
24 35
24 66
24 82
24 117
24 139
24 238
24 249
25 120
25 176
25 89
25 75
25 113
25 141
25 205
25 221
25 269
25 273
25 288
26 71
26 115
26 240
26 91
26 94
26 135
26 157
26 161
27 8
27 250
27 222
27 69
27 110
27 251
27 108
27 261
27 272
27 9
27 52
27 130
27 66
27 99
27 116
27 162
27 171
27 172
27 187
27 263
28 174
28 62
28 287
28 211
28 90
28 222
28 136
28 9
28 186
28 160
28 42
28 141
28 64
28 78
28 170
28 201
28 233
28 272
29 222
29 265
29 1
29 139
29 219
29 189
29 137
29 241
29 269
29 33
29 44
29 203
29 216
29 240
29 244
29 270
29 290
29 291
29 292
30 110
30 52
30 137
30 253
30 272
30 280
30 90
30 42
30 21
30 69
30 79
30 84
30 143
30 160
30 193
30 198
30 250
30 277
31 47
31 146
31 275
31 81
31 222
31 21
31 286
31 22
31 44
31 65
31 138
31 215
32 203
32 49
32 117
32 59
32 63
32 136
32 277
32 53
32 253
32 54
32 92
32 147
33 295
33 29
33 46
33 64
33 163
33 96
33 228
33 99
33 11
33 75
33 88
33 111
33 119
33 121
33 231
33 260
33 273
33 282
33 284
34 278
34 257
34 97
34 184
34 65
34 77
34 62
34 203
34 242
34 111
34 277
34 16
34 69
34 71
34 78
34 90
34 140
34 231
34 252
34 255
35 116
35 167
35 168
35 247
35 24
35 98
35 293
35 157
35 141
35 186
35 134
35 185
35 212
35 278
35 19
35 20
35 52
35 62
35 74
35 89
35 174
35 183
35 300
36 52
36 166
36 13
36 10
36 119
36 56
36 112
36 117
36 179
36 203
36 91
36 95
36 107
36 149
36 169
36 173
36 174
37 52
37 101
37 167
37 53
37 171
37 152
37 83
37 139
37 9
37 146
37 182
37 115
37 70
37 235
37 161
37 266
37 259
37 109
37 23
37 50
37 51
37 68
37 96
37 132
37 174
37 187
37 197
37 291
38 238
38 148
38 147
38 149
38 92
38 152
38 91
38 84
38 1
38 57
38 192
38 200
38 213
38 261
39 142
39 234
39 103
39 214
39 211
39 23
39 84
39 240
39 57
39 143
39 170
39 176
39 273
40 192
40 296
40 84
40 231
40 234
40 193
40 5
40 143
40 58
40 6
40 61
40 102
40 110
40 148
40 250
40 267
41 245
41 230
41 84
41 106
41 148
41 255
41 262
41 268
41 296
42 261
42 105
42 114
42 14
42 217
42 28
42 30
42 63
42 234
42 240
42 247
42 254
42 287
43 255
43 13
43 3
43 275
43 247
43 299
43 222
43 151
43 199
43 45
43 261
43 246
43 52
43 90
43 109
43 123
43 210
43 232
43 286
44 100
44 93
44 281
44 174
44 29
44 179
44 172
44 31
44 252
44 286
44 168
44 284
44 109
44 161
44 139
44 4
44 111
44 115
44 149
44 191
45 180
45 229
45 202
45 221
45 1
45 223
45 215
45 116
45 23
45 43
45 55
45 87
45 137
45 160
45 177
45 207
45 219
45 255
46 90
46 161
46 179
46 98
46 272
46 174
46 151
46 145
46 245
46 271
46 110
46 14
46 294
46 33
46 106
46 235
46 296
47 61
47 13
47 18
47 7
47 253
47 246
47 85
47 300
47 8
47 31
47 49
47 66
47 150
47 168
47 252
47 274
47 288
47 295
48 93
48 238
48 205
48 184
48 190
48 55
48 59
48 134
48 199
48 204
48 270
49 220
49 130
49 294
49 287
49 255
49 149
49 7
49 137
49 200
49 88
49 79
49 47
49 192
49 32
49 90
49 95
49 106
49 125
49 147
49 158
49 178
49 186
49 201
49 247
49 266
49 272
49 283
50 84
50 128
50 15
50 200
50 8
50 122
50 53
50 37
50 127
50 85
50 104
50 124
50 133
50 149
50 201
50 240
50 256
51 171
51 162
51 215
51 55
51 81
51 104
51 275
51 94
51 37
51 144
51 142
51 241
51 134
51 92
51 197
51 106
51 99
51 57
51 128
51 173
51 177
51 238
51 266
51 274
52 189
52 23
52 35
52 219
52 59
52 21
52 123
52 43
52 226
52 151
52 64
52 278
52 27
52 30
52 36
52 37
52 62
52 173
52 184
52 205
52 229
53 17
53 77
53 256
53 201
53 245
53 294
53 7
53 15
53 32
53 37
53 50
53 82
53 88
53 89
53 94
53 131
53 148
53 154
53 158
53 182
53 183
53 192
53 211
53 214
53 232
53 286
53 287
53 288
54 205
54 223
54 293
54 94
54 56
54 32
54 64
54 199
54 289
54 13
54 55
54 60
54 81
54 105
54 155
54 169
54 172
54 215
54 238
55 76
55 45
55 258
55 214
55 48
55 54
55 242
55 213
55 208
55 10
55 51
55 109
55 222
55 254
55 283
56 160
56 224
56 284
56 297
56 225
56 9
56 139
56 291
56 278
56 223
56 7
56 36
56 54
56 60
56 66
56 156
56 194
56 195
56 218
57 197
57 225
57 115
57 161
57 172
57 39
57 111
57 253
57 11
57 102
57 38
57 226
57 69
57 193
57 129
57 231
57 205
57 51
57 230
57 84
57 119
57 135
57 151
58 283
58 119
58 130
58 142
58 73
58 3
58 157
58 40
58 127
58 140
58 158
58 164
58 179
58 207
58 211
58 221
58 231
58 243
58 270
58 276
58 282
59 152
59 77
59 255
59 3
59 126
59 197
59 273
59 173
59 48
59 79
59 183
59 134
59 124
59 256
59 32
59 52
59 70
59 102
59 168
59 238
59 274
59 277
60 56
60 292
60 240
60 101
60 142
60 62
60 214
60 79
60 54
60 241
60 74
60 95
60 163
60 22
60 63
60 67
60 149
60 155
60 165
60 185
60 192
60 212
60 257
60 259
61 105
61 205
61 174
61 217
61 195
61 40
61 295
61 113
61 184
61 76
61 151
61 71
61 175
61 296
61 47
61 66
61 111
61 118
61 121
61 135
61 171
61 177
61 210
61 252
62 276
62 87
62 7
62 188
62 110
62 270
62 100
62 169
62 35
62 93
62 52
62 28
62 34
62 60
62 76
62 102
62 183
62 184
62 254
62 265
63 74
63 42
63 242
63 138
63 209
63 222
63 247
63 19
63 122
63 60
63 300
63 167
63 197
63 32
63 111
63 129
63 154
63 251
64 28
64 82
64 98
64 151
64 121
64 290
64 6
64 68
64 115
64 79
64 164
64 260
64 3
64 250
64 33
64 52
64 54
64 91
64 116
64 171
64 176
64 195
64 227
64 242
64 268
65 137
65 300
65 139
65 31
65 218
65 145
65 34
65 69
65 105
65 113
65 123
65 128
65 183
65 232
65 237
65 246
66 61
66 164
66 201
66 131
66 189
66 24
66 56
66 100
66 103
66 47
66 276
66 4
66 27
66 121
66 139
66 146
66 152
66 205
67 256
67 118
67 82
67 60
67 95
67 288
67 71
67 93
67 106
67 110
67 156
67 177
67 182
67 243
67 252
67 290
68 37
68 285
68 117
68 88
68 112
68 208
68 183
68 235
68 204
68 64
68 102
68 158
68 179
68 180
68 196
68 237
68 243
68 265
69 283
69 247
69 142
69 65
69 30
69 34
69 214
69 284
69 27
69 57
69 129
69 177
69 200
69 229
69 249
69 271
70 194
70 248
70 23
70 88
70 59
70 103
70 83
70 159
70 133
70 22
70 37
70 143
70 152
70 200
70 222
70 235
70 242
70 264
71 183
71 272
71 124
71 132
71 34
71 67
71 203
71 160
71 219
71 226
71 206
71 114
71 291
71 26
71 61
71 98
71 167
71 193
71 234
72 200
72 107
72 199
72 154
72 75
72 262
72 278
73 150
73 101
73 190
73 132
73 173
73 58
73 121
73 151
73 172
73 187
73 254
73 264
73 279
74 35
74 196
74 108
74 106
74 285
74 13
74 7
74 8
74 60
74 63
74 137
74 183
74 202
74 230
75 296
75 164
75 161
75 181
75 72
75 33
75 166
75 145
75 9
75 149
75 6
75 170
75 120
75 252
75 295
75 25
75 162
75 104
75 193
75 213
75 288
76 144
76 16
76 62
76 104
76 181
76 22
76 55
76 61
76 130
76 150
76 177
76 223
76 231
77 265
77 176
77 155
77 245
77 220
77 267
77 270
77 34
77 53
77 59
77 95
77 99
77 103
77 111
77 144
77 148
77 151
77 204
77 229
77 253
77 258
77 272
78 34
78 281
78 28
78 171
78 19
78 23
78 84
78 91
78 134
78 148
78 156
78 164
78 185
78 231
79 18
79 30
79 140
79 87
79 112
79 10
79 172
79 23
79 49
79 59
79 60
79 64
79 131
79 163
80 121
80 86
80 152
80 279
80 146
80 15
80 89
80 149
80 166
80 167
80 170
80 182
80 214
80 229
81 244
81 190
81 215
81 3
81 198
81 229
81 54
81 228
81 31
81 51
81 104
81 213
81 232
82 123
82 102
82 24
82 53
82 236
82 64
82 67
82 101
82 142
82 208
82 268
82 296
83 228
83 251
83 9
83 37
83 70
83 95
83 174
83 254
83 257
83 273
83 286
84 78
84 57
84 41
84 237
84 274
84 209
84 30
84 280
84 275
84 38
84 39
84 40
84 50
84 113
84 193
84 264
85 201
85 50
85 176
85 166
85 213
85 216
85 47
85 156
85 192
85 230
85 290
86 136
86 117
86 170
86 181
86 183
86 175
86 129
86 80
86 165
86 199
86 226
86 237
87 23
87 246
87 209
87 286
87 263
87 166
87 157
87 45
87 120
87 107
87 179
87 121
87 239
87 206
87 283
87 160
87 187
87 98
87 22
87 62
87 79
87 142
87 169
87 171
87 207
87 226
87 228
87 266
88 107
88 53
88 295
88 4
88 148
88 192
88 127
88 161
88 33
88 19
88 49
88 68
88 70
88 108
88 111
88 120
88 199
88 239
88 281
89 183
89 205
89 4
89 127
89 220
89 276
89 215
89 80
89 53
89 12
89 260
89 35
89 166
89 3
89 13
89 23
89 25
89 140
89 147
89 161
89 198
89 203
89 230
89 233
89 251
89 262
89 270
89 292
90 49
90 203
90 177
90 202
90 43
90 34
90 280
90 2
90 140
90 235
90 260
90 23
90 28
90 30
90 46
90 212
90 218
90 268
90 273
90 292
91 16
91 277
91 36
91 20
91 193
91 26
91 130
91 137
91 282
91 272
91 284
91 222
91 271
91 231
91 188
91 278
91 152
91 78
91 64
91 180
91 23
91 38
91 100
91 118
91 142
91 163
91 177
91 185
91 203
91 210
91 223
91 250
91 268
92 150
92 5
92 287
92 200
92 125
92 177
92 300
92 195
92 12
92 32
92 38
92 51
92 116
92 262
92 268
92 294
93 256
93 126
93 100
93 67
93 136
93 228
93 2
93 44
93 48
93 62
93 122
93 139
93 239
93 265
93 289
94 53
94 211
94 119
94 173
94 120
94 26
94 281
94 51
94 54
94 117
94 172
94 278
95 158
95 271
95 251
95 5
95 16
95 36
95 49
95 102
95 230
95 83
95 77
95 60
95 67
95 127
95 167
95 203
96 156
96 215
96 133
96 279
96 116
96 37
96 259
96 165
96 172
96 160
96 33
96 120
96 138
96 180
96 211
96 213
96 260
96 278
97 208
97 269
97 300
97 154
97 13
97 168
97 176
97 204
97 185
97 34
97 100
97 107
97 233
98 284
98 71
98 189
98 122
98 263
98 168
98 6
98 262
98 173
98 7
98 16
98 35
98 46
98 64
98 87
98 107
98 132
98 192
98 206
98 230
99 178
99 167
99 27
99 279
99 77
99 113
99 33
99 51
99 131
99 153
99 192
99 203
100 254
100 206
100 229
100 215
100 91
100 300
100 122
100 97
100 17
100 15
100 172
100 44
100 62
100 66
100 93
100 121
100 231
100 239
100 282
101 202
101 276
101 151
101 82
101 174
101 23
101 37
101 60
101 73
101 171
101 192
101 234
102 298
102 108
102 13
102 283
102 62
102 59
102 154
102 18
102 116
102 138
102 40
102 68
102 278
102 57
102 82
102 95
102 105
102 124
102 268
102 299
103 197
103 289
103 144
103 229
103 185
103 77
103 5
103 112
103 16
103 24
103 39
103 66
103 70
103 119
103 141
103 213
103 267
104 216
104 75
104 20
104 50
104 233
104 81
104 297
104 119
104 273
104 180
104 7
104 51
104 76
104 107
104 126
104 147
104 162
104 237
104 250
105 203
105 212
105 102
105 250
105 192
105 293
105 65
105 291
105 251
105 54
105 42
105 61
105 261
105 287
106 49
106 270
106 46
106 67
106 144
106 121
106 41
106 185
106 288
106 168
106 4
106 6
106 7
106 51
106 74
106 114
106 127
106 167
106 172
106 203
106 264
106 272
107 292
107 179
107 97
107 104
107 98
107 36
107 206
107 3
107 282
107 183
107 286
107 182
107 229
107 16
107 72
107 87
107 88
107 178
108 142
108 161
108 23
108 7
108 88
108 209
108 27
108 74
108 102
108 110
108 130
109 129
109 124
109 204
109 43
109 273
109 237
109 55
109 140
109 143
109 233
109 169
109 165
109 20
109 37
109 44
109 125
109 126
109 171
109 175
109 229
110 40
110 108
110 228
110 67
110 122
110 226
110 8
110 27
110 30
110 46
110 62
110 146
110 162
110 177
110 213
110 257
110 287
110 300
111 33
111 44
111 270
111 256
111 239
111 63
111 88
111 77
111 274
111 132
111 61
111 145
111 200
111 213
111 161
111 34
111 57
111 123
111 188
111 299
112 230
112 36
112 68
112 79
112 103
112 118
112 173
112 254
112 266
112 282
112 288
113 273
113 213
113 3
113 20
113 65
113 25
113 143
113 144
113 176
113 84
113 178
113 61
113 99
113 204
114 106
114 42
114 71
114 129
114 136
114 182
114 188
114 284
115 44
115 198
115 249
115 278
115 3
115 187
115 6
115 26
115 37
115 57
115 64
115 124
115 131
115 132
115 157
115 215
115 251
115 265
116 92
116 251
116 7
116 280
116 166
116 27
116 64
116 263
116 180
116 241
116 35
116 45
116 96
116 102
116 172
116 207
116 246
116 273
117 300
117 248
117 271
117 288
117 283
117 24
117 198
117 94
117 32
117 36
117 68
117 86
117 235
118 61
118 159
118 112
118 156
118 91
118 67
118 142
118 170
118 181
118 218
118 228
118 241
118 273
119 221
119 2
119 5
119 146
119 33
119 18
119 273
119 103
119 239
119 201
119 209
119 253
119 167
119 57
119 258
119 10
119 36
119 58
119 94
119 104
119 183
119 280
120 179
120 244
120 213
120 144
120 96
120 224
120 288
120 127
120 236
120 88
120 149
120 290
120 25
120 75
120 87
120 94
120 146
120 151
120 154
120 166
120 214
120 233
120 235
120 252
121 251
121 296
121 265
121 13
121 73
121 197
121 190
121 61
121 100
121 188
121 66
121 132
121 33
121 263
121 21
121 64
121 80
121 87
121 106
121 128
121 180
121 187
121 201
121 205
121 218
121 277
121 290
122 93
122 295
122 9
122 268
122 3
122 50
122 63
122 98
122 100
122 110
122 138
122 149
122 186
122 242
122 246
122 271
122 279
123 65
123 111
123 43
123 174
123 169
123 52
123 82
123 146
123 206
123 255
123 292
124 280
124 180
124 130
124 163
124 102
124 198
124 115
124 264
124 253
124 50
124 216
124 212
124 22
124 5
124 21
124 59
124 71
124 109
124 150
124 152
124 206
124 209
125 162
125 161
125 222
125 239
125 49
125 205
125 163
125 109
125 300
125 17
125 92
125 142
125 154
125 221
125 229
125 265
125 274
125 281
126 166
126 213
126 109
126 283
126 245
126 193
126 104
126 143
126 277
126 2
126 19
126 59
126 93
126 150
126 176
126 210
127 265
127 149
127 58
127 289
127 106
127 273
127 165
127 95
127 150
127 50
127 88
127 89
127 120
127 194
127 290
128 51
128 130
128 18
128 224
128 208
128 257
128 65
128 263
128 164
128 121
128 19
128 50
128 139
128 183
128 185
129 238
129 114
129 12
129 69
129 200
129 63
129 286
129 179
129 158
129 57
129 86
129 109
129 137
129 155
129 170
129 195
129 202
129 221
129 245
129 252
129 258
130 146
130 242
130 178
130 108
130 160
130 76
130 27
130 49
130 58
130 91
130 124
130 128
130 212
130 249
130 299
131 99
131 142
131 185
131 140
131 250
131 115
131 14
131 79
131 53
131 16
131 66
131 164
131 184
131 245
131 270
131 291
131 294
132 256
132 165
132 173
132 283
132 224
132 98
132 300
132 244
132 6
132 115
132 191
132 291
132 37
132 287
132 71
132 73
132 111
132 121
132 188
132 192
132 208
132 210
132 215
132 219
132 239
132 285
133 16
133 50
133 230
133 204
133 189
133 193
133 290
133 274
133 23
133 70
133 96
133 148
133 238
133 258
134 7
134 291
134 238
134 193
134 141
134 48
134 78
134 35
134 51
134 59
134 165
134 176
134 188
134 228
134 231
134 233
134 246
134 276
135 174
135 26
135 260
135 159
135 18
135 259
135 279
135 57
135 61
135 242
135 215
135 13
135 166
135 183
135 197
135 224
135 243
135 254
135 274
136 178
136 114
136 149
136 200
136 28
136 32
136 86
136 93
136 170
136 199
136 233
136 247
136 272
136 283
136 298
137 216
137 45
137 129
137 74
137 230
137 291
137 280
137 29
137 30
137 49
137 65
137 91
137 156
137 177
137 272
137 273
138 31
138 96
138 223
138 122
138 254
138 202
138 183
138 269
138 285
138 279
138 197
138 294
138 63
138 102
138 142
138 151
138 171
138 200
138 246
139 93
139 24
139 128
139 281
139 167
139 232
139 164
139 267
139 244
139 300
139 169
139 66
139 29
139 37
139 44
139 56
139 65
139 157
139 199
139 207
139 243
139 246
139 269
139 283
139 299
140 89
140 148
140 1
140 58
140 34
140 20
140 79
140 90
140 109
140 131
140 167
140 188
140 192
140 201
141 193
141 260
141 159
141 103
141 25
141 10
141 165
141 28
141 35
141 134
141 182
141 197
141 220
141 273
141 283
142 192
142 278
142 21
142 138
142 91
142 87
142 177
142 118
142 82
142 125
142 169
142 39
142 51
142 58
142 60
142 69
142 108
142 131
142 181
142 194
142 214
142 221
142 241
142 283
143 9
143 18
143 224
143 39
143 30
143 8
143 3
143 70
143 40
143 109
143 113
143 126
143 178
143 260
144 160
144 77
144 296
144 147
144 162
144 51
144 76
144 103
144 106
144 113
144 120
144 176
144 252
145 23
145 289
145 285
145 280
145 174
145 243
145 20
145 153
145 46
145 65
145 75
145 111
145 151
145 160
145 170
145 196
145 217
145 252
145 265
145 297
145 300
146 294
146 120
146 237
146 221
146 17
146 66
146 152
146 268
146 110
146 243
146 242
146 123
146 151
146 31
146 37
146 80
146 119
146 130
146 164
146 166
146 208
146 210
146 219
146 227
146 240
146 262
146 288
147 49
147 104
147 152
147 32
147 12
147 89
147 38
147 144
147 212
147 224
147 231
148 41
148 209
148 253
148 53
148 77
148 160
148 133
148 40
148 78
148 38
148 88
148 140
148 215
148 225
148 266
149 207
149 36
149 214
149 44
149 50
149 80
149 122
149 195
149 60
149 38
149 49
149 75
149 120
149 127
149 136
149 173
149 188
149 264
149 278
149 299
150 203
150 124
150 258
150 47
150 185
150 126
150 298
150 76
150 7
150 73
150 92
150 127
150 151
150 176
150 199
150 229
150 273
151 120
151 77
151 222
151 145
151 138
151 250
151 183
151 73
151 269
151 57
151 5
151 150
151 43
151 46
151 52
151 61
151 64
151 101
151 146
151 161
151 185
151 215
151 221
151 297
152 124
152 70
152 167
152 255
152 164
152 224
152 66
152 155
152 16
152 19
152 37
152 38
152 59
152 80
152 91
152 146
152 147
152 286
152 289
153 166
153 177
153 10
153 207
153 99
153 145
153 283
153 284
154 6
154 156
154 198
154 287
154 170
154 120
154 125
154 63
154 166
154 53
154 16
154 72
154 97
154 102
154 255
154 273
155 169
155 206
155 222
155 60
155 129
155 253
155 166
155 195
155 54
155 258
155 157
155 77
155 152
155 158
155 188
155 235
155 250
155 261
156 234
156 187
156 18
156 67
156 56
156 205
156 85
156 137
156 78
156 231
156 96
156 118
156 154
156 212
156 265
157 139
157 274
157 26
157 115
157 173
157 35
157 58
157 87
157 155
157 203
157 208
157 225
157 270
158 228
158 236
158 155
158 53
158 49
158 58
158 68
158 284
158 24
158 95
158 129
158 197
158 204
158 264
159 227
159 15
159 70
159 118
159 135
159 141
159 193
159 250
159 275
160 164
160 30
160 211
160 203
160 45
160 13
160 197
160 180
160 210
160 145
160 238
160 227
160 16
160 19
160 28
160 56
160 71
160 87
160 96
160 130
160 144
160 148
160 196
161 247
161 277
161 216
161 151
161 298
161 231
161 228
161 232
161 217
161 192
161 207
161 275
161 235
161 234
161 300
161 3
161 26
161 89
161 9
161 37
161 44
161 46
161 57
161 75
161 88
161 108
161 111
161 125
161 203
161 270
161 291
162 249
162 104
162 27
162 247
162 110
162 15
162 12
162 51
162 75
162 125
162 144
162 170
162 189
162 211
162 290
162 292
163 264
163 79
163 242
163 175
163 91
163 6
163 33
163 60
163 124
163 125
164 78
164 131
164 171
164 58
164 250
164 260
164 146
164 187
164 64
164 66
164 75
164 128
164 139
164 152
164 160
164 213
165 267
165 185
165 271
165 86
165 134
165 60
165 224
165 216
165 96
165 109
165 127
165 132
165 141
165 194
165 242
165 260
166 146
166 120
166 250
166 80
166 251
166 244
166 135
166 1
166 207
166 36
166 75
166 85
166 87
166 89
166 116
166 126
166 153
166 154
166 155
166 233
166 253
166 261
166 273
167 272
167 6
167 140
167 223
167 266
167 258
167 80
167 8
167 106
167 255
167 95
167 241
167 16
167 71
167 2
167 13
167 23
167 35
167 37
167 63
167 99
167 119
167 139
167 152
167 219
167 252
167 267
167 299
168 245
168 258
168 47
168 271
168 178
168 288
168 266
168 59
168 214
168 20
168 22
168 35
168 44
168 97
168 98
168 106
168 203
169 257
169 87
169 54
169 36
169 21
169 62
169 109
169 123
169 139
169 142
169 155
169 204
169 233
169 260
169 272
170 5
170 39
170 129
170 118
170 136
170 162
170 80
170 28
170 145
170 200
170 23
170 75
170 86
170 154
170 172
170 221
170 269
170 279
171 109
171 61
171 87
171 175
171 204
171 221
171 64
171 138
171 101
171 210
171 27
171 212
171 196
171 245
171 195
171 37
171 51
171 78
171 164
171 250
171 284
172 170
172 8
172 27
172 54
172 73
172 249
172 116
172 106
172 272
172 94
172 187
172 16
172 44
172 57
172 79
172 96
172 100
172 260
172 273
173 51
173 36
173 219
173 214
173 112
173 207
173 149
173 52
173 269
173 188
173 59
173 73
173 94
173 98
173 132
173 157
173 194
173 206
173 268
173 277
174 36
174 35
174 37
174 292
174 278
174 83
174 2
174 28
174 44
174 46
174 61
174 101
174 123
174 135
174 145
174 207
174 221
174 222
174 235
174 279
175 109
175 298
175 61
175 86
175 163
175 171
175 188
175 190
175 212
175 220
175 237
175 263
175 272
175 290
176 134
176 126
176 150
176 235
176 200
176 187
176 199
176 8
176 64
176 39
176 258
176 144
176 292
176 216
176 25
176 77
176 85
176 97
176 113
176 270
177 76
177 51
177 91
177 22
177 211
177 61
177 69
177 137
177 190
177 67
177 110
177 45
177 90
177 92
177 142
177 153
177 178
177 202
177 238
177 289
177 291
177 295
178 107
178 177
178 49
178 143
178 278
178 279
178 22
178 99
178 113
178 130
178 136
178 168
178 281
179 271
179 68
179 258
179 58
179 287
179 263
179 36
179 44
179 46
179 87
179 107
179 120
179 129
179 196
179 221
179 224
179 245
179 273
179 296
180 242
180 295
180 121
180 96
180 289
180 190
180 68
180 45
180 91
180 104
180 116
180 124
180 160
180 181
180 218
180 233
180 247
180 257
181 118
181 142
181 254
181 247
181 180
181 22
181 75
181 76
181 86
181 217
181 240
181 248
181 263
182 114
182 80
182 141
182 12
182 53
182 217
182 67
182 37
182 107
182 202
182 251
182 258
182 286
182 288
182 295
182 296
183 62
183 135
183 35
183 74
183 231
183 250
183 300
183 211
183 218
183 128
183 273
183 65
183 53
183 119
183 5
183 59
183 68
183 71
183 86
183 89
183 107
183 138
183 151
183 195
183 221
183 277
183 292
184 62
184 272
184 131
184 188
184 52
184 34
184 48
184 61
184 229
184 266
184 268
184 269
185 11
185 237
185 151
185 78
185 60
185 91
185 1
185 128
185 6
185 13
185 23
185 35
185 97
185 103
185 106
185 131
185 150
185 165
185 188
185 203
185 213
185 239
185 258
185 264
186 295
186 122
186 49
186 28
186 35
186 208
186 265
186 272
187 27
187 300
187 37
187 298
187 228
187 121
187 252
187 9
187 73
187 201
187 7
187 87
187 115
187 156
187 164
187 172
187 176
187 220
187 246
187 259
187 277
188 134
188 132
188 114
188 140
188 175
188 261
188 149
188 299
188 155
188 111
188 185
188 62
188 91
188 121
188 173
188 184
188 209
188 297
189 259
189 14
189 162
189 208
189 8
189 9
189 29
189 52
189 66
189 98
189 133
189 224
189 228
189 258
190 13
190 213
190 261
190 278
190 231
190 175
190 48
190 73
190 81
190 121
190 177
190 180
190 235
190 256
191 44
191 7
191 20
191 132
191 276
192 53
192 101
192 286
192 132
192 140
192 38
192 60
192 99
192 98
192 246
192 85
192 291
192 13
192 16
192 40
192 49
192 88
192 105
192 142
192 161
192 193
192 225
192 243
192 295
193 223
193 30
193 245
193 159
193 270
193 71
193 75
193 84
193 199
193 192
193 13
193 19
193 40
193 57
193 91
193 126
193 133
193 134
193 141
193 203
193 290
194 295
194 142
194 127
194 253
194 243
194 56
194 287
194 165
194 17
194 1
194 173
194 238
194 22
194 70
195 10
195 183
195 249
195 229
195 56
195 129
195 64
195 300
195 242
195 221
195 61
195 92
195 149
195 155
195 171
196 179
196 145
196 5
196 13
196 160
196 286
196 8
196 68
196 206
196 282
196 210
196 74
196 171
196 220
196 240
196 252
197 135
197 226
197 37
197 4
197 158
197 141
197 17
197 51
197 57
197 59
197 63
197 103
197 121
197 138
197 160
197 223
197 238
197 245
197 259
197 262
198 239
198 9
198 30
198 284
198 236
198 89
198 247
198 81
198 115
198 117
198 124
198 154
198 212
198 224
198 268
198 278
198 288
198 291
199 150
199 139
199 48
199 225
199 86
199 136
199 254
199 262
199 10
199 88
199 299
199 9
199 23
199 43
199 54
199 72
199 176
199 193
199 201
199 252
200 19
200 70
200 292
200 138
200 69
200 38
200 49
200 50
200 72
200 92
200 111
200 129
200 136
200 170
200 176
200 227
200 242
201 50
201 267
201 199
201 140
201 49
201 289
201 294
201 121
201 28
201 217
201 10
201 17
201 53
201 66
201 85
201 119
201 187
201 221
201 231
201 232
201 233
201 248
202 182
202 16
202 269
202 177
202 203
202 266
202 258
202 74
202 129
202 221
202 21
202 8
202 45
202 90
202 101
202 138
202 228
202 234
202 257
202 263
202 272
202 297
203 91
203 229
203 95
203 185
203 157
203 193
203 234
203 11
203 106
203 89
203 29
203 99
203 168
203 161
203 32
203 34
203 36
203 71
203 90
203 105
203 150
203 160
203 202
203 221
203 263
203 285
204 237
204 158
204 245
204 169
204 113
204 48
204 289
204 77
204 224
204 215
204 19
204 68
204 97
204 109
204 133
204 171
204 208
204 227
204 249
204 272
205 25
205 248
205 121
205 275
205 286
205 66
205 52
205 48
205 54
205 57
205 61
205 89
205 125
205 156
205 237
205 238
205 241
205 267
205 278
206 123
206 300
206 124
206 98
206 173
206 22
206 279
206 298
206 264
206 71
206 87
206 100
206 107
206 155
206 196
206 233
206 253
206 263
207 45
207 87
207 229
207 284
207 58
207 279
207 174
207 139
207 116
207 8
207 149
207 153
207 161
207 166
207 173
207 208
207 252
207 274
208 20
208 186
208 157
208 132
208 207
208 146
208 82
208 204
208 9
208 55
208 68
208 97
208 128
208 189
209 124
209 18
209 20
209 12
209 188
209 63
209 84
209 87
209 108
209 119
209 148
209 253
210 132
210 43
210 219
210 146
210 277
210 126
210 218
210 91
210 61
210 233
210 22
210 160
210 171
210 196
210 270
211 96
211 58
211 258
211 162
211 231
211 53
211 270
211 2
211 28
211 39
211 94
211 160
211 177
211 183
211 240
211 243
212 156
212 130
212 175
212 257
212 147
212 288
212 198
212 296
212 90
212 60
212 35
212 105
212 124
212 171
212 268
212 293
213 164
213 38
213 295
213 185
213 110
213 96
213 81
213 223
213 75
213 103
213 55
213 85
213 111
213 113
213 120
213 126
213 190
213 233
213 256
213 277
213 280
213 288
214 284
214 142
214 271
214 120
214 289
214 243
214 53
214 80
214 39
214 55
214 60
214 69
214 149
214 168
214 173
214 229
214 233
214 253
215 151
215 14
215 299
215 54
215 115
215 239
215 132
215 250
215 31
215 148
215 289
215 45
215 51
215 81
215 89
215 96
215 100
215 135
215 204
215 271
215 291
216 14
216 234
216 18
216 280
216 29
216 252
216 85
216 104
216 124
216 137
216 161
216 165
216 176
216 273
217 300
217 181
217 268
217 280
217 264
217 145
217 42
217 61
217 161
217 182
217 201
217 261
217 274
218 90
218 180
218 281
218 225
218 121
218 271
218 219
218 7
218 118
218 56
218 14
218 21
218 65
218 183
218 210
218 282
218 297
219 132
219 146
219 167
219 45
219 14
219 29
219 52
219 71
219 173
219 210
219 218
220 175
220 141
220 187
220 196
220 22
220 49
220 77
220 89
220 249
220 270
220 278
220 291
221 151
221 125
221 25
221 174
221 203
221 179
221 183
221 142
221 129
221 170
221 58
221 201
221 45
221 119
221 146
221 171
221 195
221 202
221 276
221 299
222 14
222 1
222 70
222 174
222 55
222 15
222 291
222 21
222 27
222 28
222 29
222 31
222 43
222 63
222 91
222 125
222 151
222 155
222 237
222 256
223 281
223 277
223 76
223 197
223 231
223 91
223 17
223 45
223 54
223 56
223 138
223 167
223 193
223 213
223 254
223 265
223 291
224 244
224 279
224 147
224 135
224 179
224 198
224 4
224 296
224 189
224 287
224 262
224 2
224 20
224 56
224 120
224 128
224 132
224 143
224 152
224 165
224 204
224 225
224 240
224 253
224 271
225 267
225 148
225 224
225 192
225 283
225 157
225 56
225 57
225 199
225 218
225 236
225 250
225 259
226 87
226 86
226 6
226 52
226 57
226 71
226 110
226 197
226 246
227 64
227 204
227 146
227 200
227 241
227 240
227 159
227 160
227 239
228 202
228 87
228 189
228 118
228 134
228 33
228 81
228 83
228 93
228 110
228 158
228 161
228 187
228 235
228 237
228 240
228 245
228 298
229 77
229 279
229 125
229 214
229 109
229 69
229 296
229 80
229 184
229 150
229 52
229 16
229 45
229 81
229 100
229 103
229 107
229 195
229 203
229 207
229 277
230 85
230 268
230 74
230 98
230 89
230 6
230 41
230 57
230 95
230 112
230 133
230 137
231 273
231 296
231 58
231 147
231 100
231 134
231 264
231 201
231 76
231 33
231 78
231 284
231 34
231 14
231 40
231 57
231 91
231 156
231 161
231 183
231 190
231 211
231 223
231 241
231 290
232 250
232 247
232 43
232 53
232 201
232 65
232 283
232 81
232 24
232 139
232 161
232 266
232 272
232 276
232 282
232 288
233 97
233 120
233 28
233 273
233 180
233 213
233 257
233 265
233 214
233 169
233 89
233 264
233 134
233 166
233 201
233 136
233 206
233 21
233 104
233 109
233 210
233 274
233 277
234 42
234 298
234 101
234 238
234 202
234 71
234 17
234 39
234 40
234 156
234 161
234 203
234 216
234 251
234 290
234 292
235 155
235 285
235 190
235 120
235 250
235 257
235 46
235 70
235 253
235 174
235 228
235 117
235 17
235 37
235 68
235 90
235 161
235 176
235 239
235 267
235 279
236 8
236 239
236 287
236 225
236 296
236 82
236 120
236 158
236 198
236 277
236 292
237 299
237 228
237 65
237 86
237 68
237 259
237 175
237 222
237 205
237 104
237 84
237 109
237 146
237 185
237 204
237 256
237 260
238 290
238 197
238 205
238 133
238 59
238 51
238 24
238 177
238 54
238 246
238 38
238 48
238 129
238 134
238 160
238 194
238 234
238 250
238 293
239 271
239 93
239 88
239 227
239 132
239 240
239 265
239 235
239 185
239 100
239 21
239 22
239 87
239 111
239 119
239 125
239 198
239 215
239 236
239 282
240 29
240 146
240 224
240 181
240 273
240 211
240 50
240 228
240 196
240 42
240 26
240 39
240 60
240 227
240 239
240 247
240 248
240 300
241 231
241 118
241 142
241 276
241 252
241 13
241 205
241 8
241 29
241 51
241 60
241 116
241 167
241 227
241 264
241 278
241 291
242 200
242 165
242 122
242 297
242 18
242 70
242 64
242 34
242 55
242 63
242 130
242 135
242 146
242 163
242 180
242 195
242 267
242 268
243 68
243 139
243 290
243 135
243 67
243 58
243 192
243 211
243 14
243 145
243 146
243 194
243 214
244 29
244 3
244 81
244 120
244 132
244 139
244 166
244 224
245 197
245 228
245 179
245 131
245 294
245 129
245 5
245 19
245 41
245 46
245 53
245 77
245 126
245 168
245 171
245 193
245 204
245 278
246 260
246 226
246 139
246 258
246 134
246 2
246 65
246 122
246 138
246 187
246 116
246 3
246 4
246 5
246 21
246 43
246 47
246 87
246 192
246 238
247 249
247 136
247 49
247 42
247 180
247 240
247 35
247 43
247 63
247 69
247 161
247 162
247 181
247 198
247 232
247 290
248 10
248 240
248 270
248 201
248 181
248 70
248 117
248 205
248 274
249 24
249 271
249 2
249 69
249 256
249 204
249 220
249 130
249 115
249 162
249 172
249 195
249 247
249 261
249 266
250 30
250 275
250 225
250 159
250 91
250 261
250 40
250 238
250 155
250 104
250 171
250 4
250 27
250 64
250 105
250 131
250 151
250 164
250 166
250 183
250 215
250 232
250 235
250 272
251 268
251 182
251 12
251 234
251 115
251 89
251 63
251 293
251 16
251 27
251 83
251 95
251 105
251 116
251 121
251 166
251 274
252 259
252 207
252 120
252 144
252 167
252 282
252 61
252 67
252 34
252 47
252 196
252 129
252 199
252 145
252 44
252 75
252 187
252 216
252 241
252 258
253 279
253 224
253 214
253 166
253 209
253 269
253 262
253 206
253 77
253 20
253 30
253 32
253 47
253 57
253 119
253 124
253 148
253 155
253 194
253 235
253 265
253 294
254 55
254 73
254 135
254 112
254 62
254 83
254 223
254 42
254 2
254 100
254 138
254 181
254 199
255 45
255 123
255 154
255 34
255 41
255 18
255 20
255 43
255 49
255 59
255 152
255 167
255 264
255 292
256 296
256 292
256 222
256 237
256 50
256 213
256 190
256 21
256 53
256 59
256 67
256 93
256 111
256 132
256 249
257 180
257 110
257 202
257 285
257 60
257 83
257 4
257 34
257 128
257 169
257 212
257 233
257 235
257 274
257 276
258 18
258 77
258 185
258 189
258 259
258 264
258 288
258 129
258 182
258 252
258 133
258 55
258 119
258 150
258 155
258 167
258 168
258 176
258 179
258 202
258 211
258 246
259 288
259 197
259 274
259 225
259 263
259 270
259 187
259 273
259 60
259 4
259 37
259 96
259 135
259 189
259 237
259 252
259 258
260 165
260 96
260 33
260 295
260 298
260 291
260 237
260 169
260 172
260 143
260 64
260 89
260 90
260 135
260 141
260 164
260 246
261 20
261 155
261 105
261 292
261 166
261 217
261 269
261 38
261 249
261 27
261 42
261 43
261 188
261 190
261 250
262 299
262 197
262 89
262 146
262 8
262 72
262 92
262 41
262 21
262 98
262 199
262 224
262 253
262 266
262 273
263 206
263 203
263 202
263 16
263 181
263 175
263 27
263 4
263 87
263 98
263 116
263 121
263 128
263 179
263 259
263 281
263 298
264 278
264 84
264 255
264 241
264 70
264 299
264 149
264 73
264 106
264 185
264 158
264 124
264 163
264 206
264 217
264 231
264 233
264 258
265 3
265 253
265 223
265 93
265 292
265 156
265 68
265 270
265 125
265 62
265 145
265 115
265 186
265 29
265 77
265 121
265 127
265 233
265 239
266 112
266 232
266 87
266 49
266 262
266 148
266 249
266 184
266 51
266 37
266 167
266 168
266 202
267 103
267 167
267 270
267 40
267 205
267 235
267 242
267 77
267 139
267 165
267 201
267 225
268 291
268 4
268 92
268 184
268 82
268 41
268 173
268 64
268 242
268 91
268 90
268 102
268 212
268 198
268 3
268 16
268 122
268 146
268 217
268 230
268 251
268 285
269 184
269 1
269 25
269 139
269 170
269 6
269 29
269 97
269 138
269 151
269 173
269 202
269 253
269 261
269 290
270 176
270 210
270 131
270 276
270 58
270 89
270 48
270 157
270 220
270 29
270 161
270 62
270 77
270 106
270 111
270 193
270 211
270 248
270 259
270 265
270 267
271 224
271 69
271 122
271 286
271 19
271 215
271 46
271 91
271 95
271 117
271 165
271 168
271 179
271 214
271 218
271 239
271 249
271 297
272 204
272 49
272 202
272 169
272 175
272 186
272 291
272 136
272 28
272 106
272 250
272 137
272 232
272 77
272 27
272 30
272 46
272 71
272 91
272 167
272 172
272 184
273 137
273 216
273 90
273 118
273 150
273 12
273 172
273 141
273 39
273 166
273 116
273 291
273 300
273 22
273 25
273 83
273 262
273 33
273 154
273 179
273 4
273 16
273 59
273 104
273 109
273 113
273 119
273 127
273 183
273 231
273 233
273 240
273 259
274 233
274 47
274 51
274 248
274 59
274 125
274 135
274 257
274 207
274 251
274 217
274 84
274 111
274 133
274 157
274 259
274 282
274 285
274 295
275 14
275 159
275 7
275 31
275 43
275 51
275 84
275 161
275 205
275 250
275 299
276 58
276 191
276 232
276 289
276 257
276 134
276 221
276 299
276 62
276 66
276 89
276 101
276 241
276 270
276 280
277 291
277 229
277 173
277 213
277 236
277 59
277 233
277 30
277 187
277 121
277 183
277 286
277 15
277 32
277 34
277 91
277 126
277 161
277 210
277 223
277 278
277 284
277 287
278 241
278 245
278 149
278 72
278 277
278 220
278 198
278 205
278 96
278 94
278 34
278 35
278 52
278 56
278 91
278 102
278 115
278 142
278 174
278 178
278 190
278 264
278 279
278 281
279 73
279 289
279 235
279 122
279 174
279 278
279 170
279 13
279 80
279 96
279 99
279 135
279 138
279 178
279 206
279 207
279 224
279 229
279 253
280 15
280 276
280 213
280 119
280 3
280 14
280 30
280 84
280 90
280 116
280 124
280 137
280 145
280 216
280 217
281 21
281 263
281 88
281 178
281 278
281 125
281 44
281 78
281 94
281 139
281 218
281 223
281 283
282 112
282 58
282 274
282 218
282 285
282 100
282 239
282 33
282 232
282 9
282 91
282 107
282 196
282 252
282 292
283 142
283 136
283 141
283 49
283 153
283 55
283 139
283 281
283 19
283 58
283 69
283 87
283 102
283 117
283 126
283 132
283 225
283 232
284 153
284 291
284 8
284 33
284 114
284 277
284 4
284 171
284 44
284 56
284 69
284 91
284 98
284 158
284 198
284 207
284 214
284 231
285 132
285 203
285 268
285 274
285 6
285 68
285 74
285 138
285 145
285 235
285 257
285 282
286 53
286 152
286 182
286 43
286 83
286 2
286 31
286 44
286 87
286 107
286 129
286 192
286 196
286 205
286 271
286 277
286 295
287 42
287 110
287 53
287 105
287 296
287 277
287 28
287 49
287 92
287 132
287 154
287 179
287 194
287 224
287 236
288 213
288 6
288 198
288 47
288 112
288 53
288 182
288 232
288 75
288 146
288 25
288 67
288 106
288 117
288 120
288 168
288 212
288 258
288 259
289 177
289 12
289 21
289 9
289 93
289 152
289 54
289 103
289 127
289 145
289 180
289 201
289 204
289 214
289 215
289 276
289 279
290 16
290 193
290 269
290 67
290 12
290 121
290 29
290 10
290 231
290 234
290 85
290 247
290 175
290 127
290 162
290 9
290 64
290 120
290 133
290 238
290 243
290 295
291 131
291 29
291 37
291 215
291 161
291 300
291 177
291 198
291 220
291 241
291 223
291 56
291 71
291 105
291 132
291 134
291 137
291 192
291 222
291 260
291 268
291 272
291 273
291 277
291 284
292 234
292 162
292 90
292 183
292 123
292 282
292 236
292 299
292 89
292 255
292 29
292 60
292 107
292 174
292 176
292 200
292 256
292 261
292 265
293 212
293 238
293 35
293 54
293 105
293 251
294 131
294 92
294 253
294 46
294 49
294 53
294 138
294 146
294 201
294 245
295 47
295 182
295 192
295 290
295 286
295 177
295 274
295 33
295 61
295 75
295 88
295 122
295 180
295 186
295 194
295 213
295 260
296 182
296 46
296 179
296 41
296 82
296 40
296 61
296 75
296 121
296 144
296 212
296 224
296 229
296 231
296 236
296 256
296 287
297 188
297 218
297 271
297 151
297 202
297 145
297 299
297 3
297 24
297 56
297 104
297 242
298 136
298 263
298 228
298 102
298 150
298 161
298 175
298 187
298 206
298 234
298 260
299 6
299 130
299 102
299 167
299 275
299 111
299 221
299 149
299 139
299 1
299 43
299 188
299 199
299 215
299 237
299 262
299 264
299 276
299 292
299 297
300 9
300 145
300 110
300 240
300 35
300 47
300 63
300 65
300 92
300 97
300 100
300 117
300 125
300 132
300 139
300 161
300 183
300 187
300 195
300 206
300 217
300 273
300 291
